01028399
01028414
0102841b
01028499
00000000
00800000
01028419
01028499
00000008
00800000
01028399
01028419
01028499
00000012
00800000
01028419
0000001c
00800000
01028399
01028419
01028499
00000026
00800000
01028419
01028499
00000030
00800000
01028419
0000003a
00800000
01028419
0000003b
00800000
01028399
01028419
01028499
00000045
00800000
01028419
01028499
0000004f
00800000
01028419
01028499
00000059
00800000
01028399
01028419
00000063
00800000
01028399
01028419
01028499
0000006d
00800000
01028419
00000077
00800000
01028399
01028419
01028499
00000078
00800000
01028399
01028419
00000082
00800000
01028399
01028419
0000008c
00800000
01028419
01028499
00000096
00800000
01028419
01028499
000000a0
00800000
01028419
000000aa
00800000
01028419
01028499
000000b5
00800000
01028419
01028499
000000bf
00800000
01028399
01028419
01028499
000000c9
00800000
01028419
01028499
000000d3
00800000
01028399
01028419
000000dd
00800000
01028419
000000e7
00800000
01028399
01028419
01028499
000000f2
00800000
01028399
01028419
01028499
000000fc
00800000
01028399
01028419
00000106
00800000
01028419
00000110
00800000
01028399
01028419
01028499
0000011a
00800000
01028419
00000124
00800000
01028399
01028419
0000012f
00800000
01028419
01028499
00000139
00800000
01028419
01028499
00000143
00800000
01028399
01028419
0000014d
00800000
01028399
01028419
01028499
00000157
00800000
01028419
01028499
00000161
00800000
01028419
00000162
00800000
01028399
01028419
01028499
0000016c
00800000
01028399
01028419
01028499
00000176
00800000
01028419
01028499
00000180
00800000
01028419
0000018a
00800000
01028419
00000194
00800000
01028419
01028499
0000019e
00800000
01028419
01028499
0000019f
00800000
01028419
000001a9
00800000
01028399
01028419
01028499
000001b3
00800000
01028419
01028499
000001bd
00800000
01028419
01028499
000001c7
00800000
01028399
01028419
01028499
000001d1
00800000
01028419
000001db
00800000
01028419
01028499
000001dc
00800000
01028419
01028499
000001e6
00800000
01028419
01028499
000001f0
00800000
01028419
000001fa
00800000
01028419
01028499
00000204
00800000
01028399
01028419
01028499
0000020e
00800000
01028419
00000219
00800000
01028399
01028419
01028499
00000223
00800000
01028419
0000022d
00800000
01028419
00000237
00800000
01028399
01028419
01028499
00000241
00800000
01028419
01028499
0000024b
00800000
01028419
01028499
00000256
00800000
01028419
01028499
00000260
00800000
01028399
01028419
01028499
0000026a
00800000
01028419
01028499
00000274
00800000
01028399
01028419
01028499
0000027e
00800000
01028419
00000288
00800000
01028419
01028499
00000293
00800000
01028419
0000029d
00800000
01028419
01028499
000002a7
00800000
01028419
000002b1
00800000
01028399
01028419
000002bb
00800000
01028399
01028419
01028499
000002c5
00800000
01028419
01028499
000002c6
00800000
01028419
000002d0
00800000
01028419
000002da
00800000
01028419
01028499
000002e4
00800000
01028419
000002ee
00800000
01028419
01028499
000002f8
00800000
01028419
01028499
00000302
00800000
01028419
01028499
00000303
00800000
01028419
01028499
0000030d
00800000
01028399
01028419
01028499
00000317
00800000
01028399
01028419
01028499
00000321
00800000
01028399
01028419
0000032b
00800000
01028419
01028499
00000335
00800000
01028419
0000033f
00800000
01028399
01028419
01028499
00000340
00800000
01028399
01028419
01028499
0000034a
00800000
01028399
01028419
00000354
00800000
01028399
01028419
01028499
0000035e
00800000
01028399
01028419
01028499
00000368
00800000
01028419
00000372
00800000
01028419
01028499
0000037d
00800000
01028399
01028419
01028499
00000387
00800000
01028419
00000391
00800000
01028419
0000039b
00800000
01028419
01028499
000003a5
00800000
01028419
000003af
00800000
01028419
01028499
000003ba
00800000
01028419
01028499
000003c4
00800000
01028399
01028419
01028499
000003ce
00800000
01028419
000003d8
00800000
01028399
01028419
01028499
000003e2
00800000
01028419
01028499
000003ec
00800000
01028399
01028419
000003f7
00800000
01028419
01028499
00000401
00800000
01028399
01028419
0000040b
00800000
01028419
01028499
00000415
00800000
01028399
01028419
01028499
0000041f
00800000
01028419
00000429
00800000
01028419
0000042a
00800000
01028399
01028419
01028499
00000434
00800000
01028419
01028499
0000043e
00800000
01028399
01028419
01028499
00000448
00800000
01028399
01028419
01028499
00000452
00800000
01028419
0000045c
00800000
01028419
00000466
00800000
01028419
00000467
00800000
01028399
01028419
01028499
00000471
00800000
01028399
01028419
01028499
0000047b
00800000
01028419
01028499
00000485
00800000
01028419
0000048f
00800000
01028399
01028419
01028499
00000499
00800000
01028419
000004a3
00800000
01028399
01028419
01028499
000004a4
00800000
01028419
01028499
000004ae
00800000
01028419
01028499
000004b8
00800000
01028399
01028419
01028499
000004c2
00800000
01028419
01028499
000004cc
00800000
01028419
000004d6
00800000
01028419
01028499
000004e1
00800000
01028419
01028499
000004eb
00800000
01028399
01028419
000004f5
00800000
01028419
01028499
000004ff
00800000
01028419
01028499
00000509
00800000
01028419
00000513
00800000
01028399
01028419
0000051e
00800000
01028399
01028419
01028499
00000528
00800000
01028419
01028499
00000532
00800000
01028399
01028419
01028499
0000053c
00800000
01028399
01028419
00000546
00800000
01028419
01028499
00000550
00800000
01028399
01028419
0000055b
00800000
01028419
00000565
00800000
01028399
01028419
0000056f
00800000
01028399
01028419
00000579
00800000
01028419
01028499
00000583
00800000
01028399
01028419
0000058d
00800000
01028419
0000058e
00800000
01028419
01028499
00000598
00800000
01028419
01028499
000005a2
00800000
01028399
01028419
000005ac
00800000
01028419
01028499
000005b6
00800000
01028419
01028499
000005c0
00800000
01028419
000005ca
00800000
01028419
000005cb
00800000
01028419
01028499
000005d5
00800000
01028399
01028419
01028499
000005df
00800000
01028399
01028419
01028499
000005e9
00800000
01028399
01028419
01028499
000005f3
00800000
01028419
000005fd
00800000
01028419
00000607
00800000
01028399
01028419
01028499
00000608
00800000
01028399
01028419
01028499
00000612
00800000
01028419
0000061c
00800000
01028399
01028419
01028499
00000626
00800000
01028419
01028499
00000630
00800000
01028419
0000063a
00800000
01028419
00000645
00800000
01028399
01028419
01028499
0000064f
00800000
01028399
01028419
00000659
00800000
01028419
01028499
00000663
00800000
01028419
0000066d
00800000
01028419
00000677
00800000
01028419
01028499
00000682
00800000
01028419
0000068c
00800000
01028399
01028419
01028499
00000696
00800000
01028399
01028419
01028499
000006a0
00800000
01028399
01028419
01028499
000006aa
00800000
01028419
01028499
000006b4
00800000
01028419
01028499
000006bf
00800000
01028419
01028499
000006c9
00800000
01028419
000006d3
00800000
01028419
01028499
000006dd
00800000
01028419
01028499
000006e7
00800000
01028399
01028419
01028499
000006f1
00800000
01028419
000006f2
00800000
01028419
01028499
000006fc
00800000
01028419
00000706
00800000
01028399
01028419
00000710
00800000
01028419
01028499
0000071a
00800000
01028419
01028499
00000724
00800000
01028399
01028419
01028499
0000072e
00800000
01028399
01028419
01028499
0000072f
00800000
01028419
01028499
00000739
00800000
01028419
00000743
00800000
01028399
01028419
01028499
0000074d
00800000
01028399
01028419
00000757
00800000
01028419
01028499
00000761
00800000
01028419
0000076b
00800000
01028419
01028499
0000076c
00800000
01028399
01028419
00000776
00800000
01028419
01028499
00000780
00800000
01028399
01028419
01028499
0000078a
00800000
01028419
00000794
00800000
01028419
0000079e
00800000
01028419
01028499
000007a9
00800000
01028419
01028499
000007b3
00800000
01028419
000007bd
00800000
01028399
01028419
01028499
000007c7
00800000
01028419
01028499
000007d1
00800000
01028399
01028419
01028499
000007db
00800000
01028399
01028419
01028499
000007e6
00800000
01028399
01028419
000007f0
00800000
01028399
01028419
000007fa
00800000
01028399
01028419
01028499
00000804
00800000
01028419
01028499
0000080e
00800000
01028399
01028419
00000818
00800000
01028399
01028419
01028499
00000823
00800000
01028419
01028499
0000082d
00800000
01028419
00000837
00800000
01028399
01028419
00000841
00800000
01028399
01028419
01028499
0000084b
00800000
01028399
01028419
00000855
00800000
01028419
01028499
00000860
00800000
01028419
01028499
0000086a
00800000
01028419
01028499
00000874
00800000
01028419
01028499
0000087e
00800000
01028399
01028419
01028499
00000888
00800000
01028419
01028499
00000892
00800000
01028419
01028499
00000893
00800000
01028399
01028419
01028499
0000089d
00800000
01028419
01028499
000008a7
00800000
01028399
01028419
000008b1
00800000
01028419
01028499
000008bb
00800000
01028419
01028499
000008c5
00800000
01028419
000008cf
00800000
01028399
01028419
01028499
000008d0
00800000
01028419
000008da
00800000
01028419
01028499
000008e4
00800000
01028399
01028419
01028499
000008ee
00800000
01028419
000008f8
00800000
01028419
00000902
00800000
01028399
01028419
0000090d
00800000
01028419
01028499
00000917
00800000
01028399
01028419
00000921
00800000
01028419
01028499
0000092b
00800000
01028399
01028419
00000935
00800000
01028419
01028499
0000093f
00800000
01028419
01028499
0000094a
00800000
01028419
00000954
00800000
01028419
0000095e
00800000
01028419
01028499
00000968
00800000
01028419
01028499
00000972
00800000
01028419
01028499
0000097c
00800000
01028419
00000987
00800000
01028399
01028419
01028499
00000991
00800000
01028419
01028499
0000099b
00800000
01028399
01028419
000009a5
00800000
01028419
000009af
00800000
01028399
01028419
01028499
000009b9
00800000
01028419
01028499
000009c4
00800000
01028399
01028419
000009ce
00800000
01028419
01028499
000009d8
00800000
01028419
01028499
000009e2
00800000
01028419
01028499
000009ec
00800000
01028419
01028499
000009f6
00800000
01028419
01028499
000009f7
00800000
01028399
01028419
00000a01
00800000
01028419
00000a0b
00800000
01028399
01028419
00000a15
00800000
01028419
00000a1f
00800000
01028419
01028499
00000a29
00800000
01028419
01028499
00000a33
00800000
01028399
01028419
01028499
00000a34
00800000
01028399
01028419
01028499
00000a3e
00800000
01028419
00000a48
00800000
01028399
01028419
00000a52
00800000
01028419
01028499
00000a5c
00800000
01028399
01028419
01028499
00000a66
00800000
01028399
01028419
00000a71
00800000
01028399
01028419
01028499
00000a7b
00800000
01028419
01028499
00000a85
00800000
01028419
00000a8f
00800000
01028419
01028499
00000a99
00800000
01028419
00000aa3
00800000
01028419
01028499
00000aae
00800000
01028419
01028499
00000ab8
00800000
01028419
00000ac2
00800000
01028399
01028419
01028499
00000acc
00800000
01028419
00000ad6
00800000
01028419
00000ae0
00800000
01028399
01028419
01028499
00000aeb
00800000
01028399
01028419
00000af5
00800000
01028419
00000aff
00800000
01028419
00000b09
00800000
01028419
01028499
00000b13
00800000
01028419
01028499
00000b1d
00800000
01028399
01028419
00000b28
00800000
01028419
00000b32
00800000
01028419
00000b3c
00800000
01028419
00000b46
00800000
01028419
00000b50
00800000
01028419
01028499
00000b5a
00800000
01028419
01028499
00000b5b
00800000
01028419
01028499
00000b65
00800000
01028419
01028499
00000b6f
00800000
01028419
01028499
00000b79
00800000
01028419
01028499
00000b83
00800000
01028399
01028419
01028499
00000b8d
00800000
01028419
00000b97
00800000
01028399
01028419
01028499
00000b98
00800000
01028419
01028499
00000ba2
00800000
01028419
00000bac
00800000
01028419
01028499
00000bb6
00800000
01028399
01028419
00000bc0
00800000
01028419
01028499
00000bca
00800000
01028419
01028499
00000bd5
00800000
01028399
01028419
01028499
00000bdf
00800000
01028419
01028499
00000be9
00800000
01028419
01028499
00000bf3
00800000
01028419
01028499
00000bfd
00800000
01028419
01028499
00000c07
00800000
01028419
00000c12
00800000
01028399
01028419
01028499
00000c1c
00800000
01028419
01028499
00000c26
00800000
01028419
01028499
00000c30
00800000
01028399
01028419
00000c3a
00800000
01028419
01028499
00000c44
00800000
01028419
01028499
00000c4f
00800000
01028419
01028499
00000c59
00800000
01028399
01028419
01028499
00000c63
00800000
01028419
01028499
00000c6d
00800000
01028399
01028419
00000c77
00800000
01028399
01028419
00000c81
00800000
01028399
01028419
00000c8c
00800000
01028419
01028499
00000c96
00800000
01028419
01028499
00000ca0
00800000
01028419
01028499
00000caa
00800000
01028399
01028419
01028499
00000cb4
00800000
01028399
01028419
01028499
00000cbe
00800000
01028399
01028419
01028499
00000cbf
00800000
01028399
01028419
00000cc9
00800000
01028399
01028419
01028499
00000cd3
00800000
01028399
01028419
00000cdd
00800000
01028419
00000ce7
00800000
01028399
01028419
01028499
00000cf1
00800000
01028419
00000cfb
00800000
01028399
01028419
00000cfc
00800000
01028419
01028499
00000d06
00800000
01028419
00000d10
00800000
01028419
01028499
00000d1a
00800000
01028419
00000d24
00800000
01028399
01028419
00000d2e
00800000
01028399
01028419
01028499
00000d39
00800000
01028419
01028499
00000d43
00800000
01028419
01028499
00000d4d
00800000
01028419
01028499
00000d57
00800000
01028419
01028499
00000d61
00800000
01028419
01028499
00000d6b
00800000
01028399
01028419
00000d76
00800000
01028419
01028499
00000d80
00800000
01028399
01028419
00000d8a
00800000
01028399
01028419
00000d94
00800000
01028419
01028499
00000d9e
00800000
01028419
01028499
00000da8
00800000
01028419
01028499
00000db3
00800000
01028419
00000dbd
00800000
01028419
01028499
00000dc7
00800000
01028419
00000dd1
00800000
01028399
01028419
01028499
00000ddb
00800000
01028399
01028419
01028499
00000de5
00800000
01028419
01028499
00000df0
00800000
01028419
01028499
00000dfa
00800000
01028419
00000e04
00800000
01028399
01028419
00000e0e
00800000
01028419
01028499
00000e18
00800000
01028419
01028499
00000e22
00800000
01028419
01028499
00000e23
00800000
01028419
01028499
00000e2d
00800000
01028419
00000e37
00800000
01028419
01028499
00000e41
00800000
01028419
01028499
00000e4b
00800000
01028419
01028499
00000e55
00800000
01028419
00000e5f
00800000
01028419
00000e60
00800000
01028419
00000e6a
00800000
01028419
00000e74
00800000
01028419
01028499
00000e7e
00800000
01028419
01028499
00000e88
00800000
01028399
01028419
00000e92
00800000
01028419
00000e9d
00800000
01028399
01028419
00000ea7
00800000
01028419
01028499
00000eb1
00800000
01028399
01028419
01028499
00000ebb
00800000
01028399
01028419
00000ec5
00800000
01028399
01028419
01028499
00000ecf
00800000
01028399
01028419
00000eda
00800000
01028419
01028499
00000ee4
00800000
01028419
00000eee
00800000
01028419
01028499
00000ef8
00800000
01028419
01028499
00000f02
00800000
01028419
00000f0c
00800000
01028419
01028499
00000f17
00800000
01028419
01028499
00000f21
00800000
01028419
00000f2b
00800000
01028419
01028499
00000f35
00800000
01028419
01028499
00000f3f
00800000
01028399
01028419
01028499
00000f49
00800000
01028419
01028499
00000f54
00800000
01028399
01028419
01028499
00000f5e
00800000
01028399
01028419
01028499
00000f68
00800000
01028419
01028499
00000f72
00800000
01028399
01028419
01028499
00000f7c
00800000
01028419
01028499
00000f86
00800000
01028419
01028499
00000f87
00800000
01028399
01028419
00000f91
00800000
01028419
00000f9b
00800000
01028399
01028419
00000fa5
00800000
01028419
00000faf
00800000
01028419
00000fb9
00800000
01028419
00000fc3
00800000
01028399
01028419
01028499
00000fc4
00800000
01028419
01028499
00000fce
00800000
01028419
00000fd8
00800000
01028399
01028419
00000fe2
00800000
01028419
00000fec
00800000
01028419
01028499
00000ff6
00800000
01028419
00001001
00800000
01028399
01028419
01028499
0000100b
00800000
01028419
00001015
00800000
01028399
01028419
01028499
0000101f
00800000
01028399
01028419
01028499
00001029
00800000
01028399
01028419
01028499
00001033
00800000
01028399
01028419
01028499
0000103e
00800000
01028399
01028419
01028499
00001048
00800000
01028419
01028499
00001052
00800000
01028419
01028499
0000105c
00800000
01028399
01028419
00001066
00800000
01028419
01028499
00001070
00800000
01028419
0000107b
00800000
01028419
01028499
00001085
00800000
01028399
01028419
01028499
0000108f
00800000
01028399
01028419
01028499
00001099
00800000
01028419
01028499
000010a3
00800000
01028399
01028419
000010ad
00800000
01028419
000010b8
00800000
01028419
01028499
000010c2
00800000
01028399
01028419
000010cc
00800000
01028419
01028499
000010d6
00800000
01028399
01028419
01028499
000010e0
00800000
01028419
01028499
000010ea
00800000
01028419
000010eb
00800000
01028399
01028419
000010f5
00800000
01028399
01028419
000010ff
00800000
01028419
00001109
00800000
01028419
00001113
00800000
01028419
01028499
0000111d
00800000
01028419
00001127
00800000
01028419
00001128
00800000
01028399
01028419
01028499
00001132
00800000
01028419
01028499
0000113c
00800000
01028419
01028499
00001146
00800000
01028399
01028419
00001150
00800000
01028399
01028419
01028499
0000115a
00800000
01028419
00001165
00800000
01028419
01028499
0000116f
00800000
01028419
01028499
00001179
00800000
01028419
00001183
00800000
01028419
01028499
0000118d
00800000
01028419
01028499
00001197
00800000
01028419
01028499
000011a2
00800000
01028419
000011ac
00800000
01028399
01028419
01028499
000011b6
00800000
01028419
01028499
000011c0
00800000
01028399
01028419
000011ca
00800000
01028419
000011d4
00800000
01028419
01028499
000011df
00800000
01028419
01028499
000011e9
00800000
01028419
01028499
000011f3
00800000
01028419
01028499
000011fd
00800000
01028419
01028499
00001207
00800000
01028399
01028419
01028499
00001211
00800000
01028419
0000121c
00800000
01028399
01028419
00001226
00800000
01028399
01028419
01028499
00001230
00800000
01028419
0000123a
00800000
01028399
01028419
00001244
00800000
01028419
01028499
0000124e
00800000
01028419
01028499
0000124f
00800000
01028419
01028499
00001259
00800000
01028419
01028499
00001263
00800000
01028419
0000126d
00800000
01028419
01028499
00001277
00800000
01028419
01028499
00001281
00800000
01028419
01028499
0000128b
00800000
01028399
01028419
01028499
0000128c
00800000
01028399
01028419
00001296
00800000
01028419
000012a0
00800000
01028419
01028499
000012aa
00800000
01028419
01028499
000012b4
00800000
01028419
01028499
000012be
00800000
01028399
01028419
01028499
000012c9
00800000
01028419
01028499
000012d3
00800000
01028419
01028499
000012dd
00800000
01028419
01028499
000012e7
00800000
01028399
01028419
01028499
000012f1
00800000
01028399
01028419
01028499
000012fb
00800000
01028419
01028499
00001306
00800000
01028399
01028419
00001310
00800000
01028399
01028419
0000131a
00800000
01028419
01028499
00001324
00800000
01028399
01028419
0000132e
00800000
01028399
01028419
01028499
00001338
00800000
01028419
00001343
00800000
01028399
01028419
01028499
0000134d
00800000
01028419
01028499
00001357
00800000
01028399
01028419
01028499
00001361
00800000
01028419
0000136b
00800000
01028419
01028499
00001375
00800000
01028399
01028419
01028499
00001380
00800000
01028419
01028499
0000138a
00800000
01028419
01028499
00001394
00800000
01028419
01028499
0000139e
00800000
01028419
000013a8
00800000
01028419
01028499
000013b2
00800000
01028419
01028499
000013b3
00800000
01028419
000013bd
00800000
01028419
01028499
000013c7
00800000
01028419
000013d1
00800000
01028419
000013db
00800000
01028399
01028419
01028499
000013e5
00800000
01028399
01028419
000013ef
00800000
01028399
01028419
000013f0
00800000
01028399
01028419
01028499
000013fa
00800000
01028399
01028419
00001404
00800000
01028419
01028499
0000140e
00800000
01028419
01028499
00001418
00800000
01028399
01028419
01028499
00001422
00800000
01028419
01028499
0000142d
00800000
01028399
01028419
01028499
00001437
00800000
01028419
00001441
00800000
01028419
0000144b
00800000
01028419
01028499
00001455
00800000
01028419
01028499
0000145f
00800000
01028419
0000146a
00800000
01028399
01028419
00001474
00800000
01028419
0000147e
00800000
01028399
01028419
01028499
00001488
00800000
01028399
01028419
01028499
00001492
00800000
01028419
0000149c
00800000
01028399
01028419
01028499
000014a7
00800000
01028419
01028499
000014b1
00800000
01028419
01028499
000014bb
00800000
01028399
01028419
000014c5
00800000
01028399
01028419
000014cf
00800000
01028419
01028499
000014d9
00800000
01028399
01028419
01028499
000014e4
00800000
01028419
000014ee
00800000
01028399
01028419
01028499
000014f8
00800000
01028399
01028419
00001502
00800000
01028419
01028499
0000150c
00800000
01028419
01028499
00001516
00800000
01028419
01028499
00001517
00800000
01028419
01028499
00001521
00800000
01028419
01028499
0000152b
00800000
01028399
01028419
01028499
00001535
00800000
01028399
01028419
01028499
0000153f
00800000
01028419
01028499
00001549
00800000
01028399
01028419
01028499
00001553
00800000
01028399
01028419
01028499
00001554
00800000
01028399
01028419
0000155e
00800000
01028419
00001568
00800000
01028399
01028419
01028499
00001572
00800000
01028419
01028499
0000157c
00800000
01028419
01028499
00001586
00800000
01028419
01028499
00001591
00800000
01028399
01028419
01028499
0000159b
00800000
01028399
01028419
01028499
000015a5
00800000
01028399
01028419
01028499
000015af
00800000
01028419
01028499
000015b9
00800000
01028399
01028419
01028499
000015c3
00800000
01028419
01028499
000015ce
00800000
01028419
000015d8
00800000
01028419
01028499
000015e2
00800000
01028419
01028499
000015ec
00800000
01028419
000015f6
00800000
01028419
00001600
00800000
01028419
01028499
0000160b
00800000
01028419
00001615
00800000
01028419
01028499
0000161f
00800000
01028419
01028499
00001629
00800000
01028399
01028419
00001633
00800000
01028399
01028419
01028499
0000163d
00800000
01028419
01028499
00001648
00800000
01028419
01028499
00001652
00800000
01028419
01028499
0000165c
00800000
01028419
01028499
00001666
00800000
01028419
00001670
00800000
01028399
01028419
01028499
0000167a
00800000
01028399
01028419
0000167b
00800000
01028419
01028499
00001685
00800000
01028419
01028499
0000168f
00800000
01028419
00001699
00800000
01028399
01028419
000016a3
00800000
01028419
01028499
000016ad
00800000
01028419
01028499
000016b7
00800000
01028419
01028499
000016b8
00800000
01028419
000016c2
00800000
01028419
01028499
000016cc
00800000
01028399
01028419
01028499
000016d6
00800000
01028419
000016e0
00800000
01028419
01028499
000016ea
00800000
01028419
000016f4
00800000
01028419
000016f5
00800000
01028419
000016ff
00800000
01028399
01028419
01028499
00001709
00800000
01028399
01028419
01028499
00001713
00800000
01028399
01028419
0000171d
00800000
01028419
00001727
00800000
01028419
00001732
00800000
01028399
01028419
0000173c
00800000
01028399
01028419
01028499
00001746
00800000
01028419
01028499
00001750
00800000
01028419
01028499
0000175a
00800000
01028419
01028499
00001764
00800000
01028419
01028499
0000176f
00800000
01028419
01028499
00001779
00800000
01028399
01028419
01028499
00001783
00800000
01028419
0000178d
00800000
01028419
01028499
00001797
00800000
01028419
000017a1
00800000
01028399
01028419
01028499
000017ac
00800000
01028419
01028499
000017b6
00800000
01028399
01028419
01028499
000017c0
00800000
01028419
01028499
000017ca
00800000
01028419
01028499
000017d4
00800000
01028419
000017de
00800000
01028419
000017df
00800000
01028419
000017e9
00800000
01028399
01028419
01028499
000017f3
00800000
01028419
01028499
000017fd
00800000
01028399
01028419
00001807
00800000
01028419
01028499
00001811
00800000
01028419
01028499
0000181b
00800000
01028419
01028499
0000181c
00800000
01028419
00001826
00800000
01028419
01028499
00001830
00800000
01028399
01028419
0000183a
00800000
01028399
01028419
01028499
00001844
00800000
01028399
01028419
01028499
0000184e
00800000
01028419
00001858
00800000
01028399
01028419
01028499
00001859
00800000
01028399
01028419
01028499
00001863
00800000
01028419
01028499
0000186d
00800000
01028399
01028419
01028499
00001877
00800000
01028419
00001881
00800000
01028399
01028419
01028499
0000188b
00800000
01028419
01028499
00001896
00800000
01028399
01028419
01028499
000018a0
00800000
01028419
01028499
000018aa
00800000
01028399
01028419
01028499
000018b4
00800000
01028419
000018be
00800000
01028419
01028499
000018c8
00800000
01028419
000018d3
00800000
01028399
01028419
000018dd
00800000
01028399
01028419
01028499
000018e7
00800000
01028419
000018f1
00800000
01028419
000018fb
00800000
01028419
01028499
00001905
00800000
01028419
00001910
00800000
01028399
01028419
01028499
0000191a
00800000
01028399
01028419
01028499
00001924
00800000
01028419
01028499
0000192e
00800000
01028399
01028419
01028499
00001938
00800000
01028419
01028499
00001942
00800000
01028419
01028499
00001943
00800000
01028399
01028419
01028499
0000194d
00800000
01028419
01028499
00001957
00800000
01028399
01028419
00001961
00800000
01028419
0000196b
00800000
01028419
00001975
00800000
01028399
01028419
01028499
0000197f
00800000
01028399
01028419
01028499
00001980
00800000
01028419
0000198a
00800000
01028419
01028499
00001994
00800000
01028419
01028499
0000199e
00800000
01028419
01028499
000019a8
00800000
01028419
01028499
000019b2
00800000
01028419
000019bc
00800000
01028399
01028419
01028499
000019bd
00800000
01028419
01028499
000019c7
00800000
01028399
01028419
000019d1
00800000
01028419
000019db
00800000
01028399
01028419
000019e5
00800000
01028399
01028419
01028499
000019ef
00800000
01028419
01028499
000019fa
00800000
01028419
01028499
00001a04
00800000
01028399
01028419
00001a0e
00800000
01028399
01028419
01028499
00001a18
00800000
01028419
00001a22
00800000
01028399
01028419
00001a2c
00800000
01028419
01028499
00001a37
00800000
01028399
01028419
01028499
00001a41
00800000
01028419
01028499
00001a4b
00800000
01028399
01028419
00001a55
00800000
01028419
01028499
00001a5f
00800000
01028399
01028419
00001a69
00800000
01028419
00001a74
00800000
01028399
01028419
01028499
00001a7e
00800000
01028399
01028419
01028499
00001a88
00800000
01028419
00001a92
00800000
01028419
01028499
00001a9c
00800000
01028419
01028499
00001aa6
00800000
01028419
00001aa7
00800000
01028419
01028499
00001ab1
00800000
01028419
01028499
00001abb
00800000
01028399
01028419
01028499
00001ac5
00800000
01028419
00001acf
00800000
01028419
01028499
00001ad9
00800000
01028399
01028419
00001ae3
00800000
01028399
01028419
00001ae4
00800000
01028419
01028499
00001aee
00800000
01028399
01028419
00001af8
00800000
01028399
01028419
01028499
00001b02
00800000
01028419
00001b0c
00800000
01028399
01028419
01028499
00001b16
00800000
01028419
00001b20
00800000
01028399
01028419
01028499
00001b21
00800000
01028419
01028499
00001b2b
00800000
01028399
01028419
01028499
00001b35
00800000
01028419
01028499
00001b3f
00800000
01028419
00001b49
00800000
01028419
00001b53
00800000
01028419
01028499
00001b5e
00800000
01028399
01028419
01028499
00001b68
00800000
01028399
01028419
01028499
00001b72
00800000
01028419
01028499
00001b7c
00800000
01028419
00001b86
00800000
01028419
01028499
00001b90
00800000
01028399
01028419
01028499
00001b9b
00800000
01028419
01028499
00001ba5
00800000
01028399
01028419
01028499
00001baf
00800000
01028419
01028499
00001bb9
00800000
01028419
01028499
00001bc3
00800000
01028419
00001bcd
00800000
01028419
01028499
00001bd8
00800000
01028399
01028419
00001be2
00800000
01028419
01028499
00001bec
00800000
01028419
01028499
00001bf6
00800000
01028399
01028419
01028499
00001c00
00800000
01028399
01028419
00001c0a
00800000
01028419
00001c0b
00800000
01028419
01028499
00001c15
00800000
01028419
01028499
00001c1f
00800000
01028419
01028499
00001c29
00800000
01028399
01028419
00001c33
00800000
01028419
00001c3d
00800000
01028399
01028419
01028499
00001c47
00800000
01028399
01028419
01028499
00001c48
00800000
01028419
01028499
00001c52
00800000
01028419
01028499
00001c5c
00800000
01028419
01028499
00001c66
00800000
01028399
01028419
01028499
00001c70
00800000
01028419
01028499
00001c7a
00800000
01028419
00001c84
00800000
01028419
01028499
00001c85
00800000
01028419
00001c8f
00800000
01028419
01028499
00001c99
00800000
01028399
01028419
00001ca3
00800000
01028419
00001cad
00800000
01028419
00001cb7
00800000
01028419
01028499
00001cc2
00800000
01028419
01028499
00001ccc
00800000
01028419
01028499
00001cd6
00800000
01028419
01028499
00001ce0
00800000
01028419
00001cea
00800000
01028419
01028499
00001cf4
00800000
01028399
01028419
01028499
00001cff
00800000
01028399
01028419
01028499
00001d09
00800000
01028419
00001d13
00800000
01028419
00001d1d
00800000
01028419
01028499
00001d27
00800000
01028419
01028499
00001d31
00800000
01028399
01028419
01028499
00001d3c
00800000
01028399
01028419
00001d46
00800000
01028419
00001d50
00800000
01028399
01028419
01028499
00001d5a
00800000
01028399
01028419
01028499
00001d64
00800000
01028419
00001d6e
00800000
01028419
01028499
00001d79
00800000
01028419
01028499
00001d83
00800000
01028419
01028499
00001d8d
00800000
01028419
00001d97
00800000
01028419
01028499
00001da1
00800000
01028419
01028499
00001dab
00800000
01028419
01028499
00001dac
00800000
01028419
01028499
00001db6
00800000
01028419
00001dc0
00800000
01028419
00001dca
00800000
01028419
01028499
00001dd4
00800000
01028419
01028499
00001dde
00800000
01028419
00001de8
00800000
01028419
01028499
00001de9
00800000
01028419
00001df3
00800000
01028399
01028419
01028499
00001dfd
00800000
01028419
00001e07
00800000
01028419
01028499
00001e11
00800000
01028419
00001e1b
00800000
01028399
01028419
00001e26
00800000
01028419
00001e30
00800000
01028419
00001e3a
00800000
01028399
01028419
01028499
00001e44
00800000
01028419
00001e4e
00800000
01028419
00001e58
00800000
01028419
01028499
00001e63
00800000
01028399
01028419
01028499
00001e6d
00800000
01028399
01028419
01028499
00001e77
00800000
01028419
01028499
00001e81
00800000
01028419
01028499
00001e8b
00800000
01028399
01028419
01028499
00001e95
00800000
01028399
01028419
01028499
00001ea0
00800000
01028399
01028419
01028499
00001eaa
00800000
01028419
01028499
00001eb4
00800000
01028419
01028499
00001ebe
00800000
01028399
01028419
01028499
00001ec8
00800000
01028399
01028419
01028499
00001ed2
00800000
01028399
01028419
01028499
00001edd
00800000
01028419
00001ee7
00800000
01028399
01028419
01028499
00001ef1
00800000
01028399
01028419
01028499
00001efb
00800000
01028399
01028419
00001f05
00800000
01028419
00001f0f
00800000
01028419
00001f10
00800000
01028399
01028419
01028499
00001f1a
00800000
01028399
01028419
00001f24
00800000
01028399
01028419
00001f2e
00800000
01028419
01028499
00001f38
00800000
01028399
01028419
00001f42
00800000
01028419
00001f4c
00800000
01028399
01028419
01028499
00001f4d
00800000
01028419
00001f57
00800000
01028419
01028499
00001f61
00800000
01028399
01028419
01028499
00001f6b
00800000
01028419
00001f75
00800000
01028399
01028419
01028499
00001f7f
00800000
01028399
01028419
00001f8a
00800000
01028419
01028499
00001f94
00800000
01028399
01028419
01028499
00001f9e
00800000
01028419
01028499
00001fa8
00800000
01028399
01028419
01028499
00001fb2
00800000
01028419
00001fbc
00800000
01028419
01028499
00001fc7
00800000
01028399
01028419
00001fd1
00800000
01028399
01028419
01028499
00001fdb
00800000
01028399
01028419
00001fe5
00800000
01028419
00001fef
00800000
01028419
00001ff9
00800000
01028419
01028499
00002004
00800000
01028419
01028499
0000200e
00800000
01028419
01028499
00002018
00800000
01028419
00002022
00800000
01028419
01028499
0000202c
00800000
01028419
01028499
00002036
00800000
01028419
01028499
00002041
00800000
01028419
0000204b
00800000
01028399
01028419
00002055
00800000
01028419
01028499
0000205f
00800000
01028419
00002069
00800000
01028419
01028499
00002073
00800000
01028419
01028499
00002074
00800000
01028419
01028499
0000207e
00800000
01028419
01028499
00002088
00800000
01028399
01028419
01028499
00002092
00800000
01028419
0000209c
00800000
01028399
01028419
01028499
000020a6
00800000
01028419
000020b0
00800000
01028419
01028499
000020b1
00800000
01028399
01028419
01028499
000020bb
00800000
01028419
01028499
000020c5
00800000
01028399
01028419
01028499
000020cf
00800000
01028399
01028419
01028499
000020d9
00800000
01028419
01028499
000020e3
00800000
01028419
01028499
000020ee
00800000
01028419
01028499
000020f8
00800000
01028419
01028499
00002102
00800000
01028419
01028499
0000210c
00800000
01028419
00002116
00800000
01028419
00002120
00800000
01028399
01028419
0000212b
00800000
01028419
01028499
00002135
00800000
01028399
01028419
0000213f
00800000
01028419
01028499
00002149
00800000
01028419
01028499
00002153
00800000
01028419
0000215d
00800000
01028399
01028419
01028499
00002168
00800000
01028419
01028499
00002172
00800000
01028419
01028499
0000217c
00800000
01028419
01028499
00002186
00800000
01028399
01028419
01028499
00002190
00800000
01028399
01028419
0000219a
00800000
01028399
0000219b
00800000
01028399
01028419
01028499
000021a5
00800000
01028399
01028419
000021af
00800000
01028419
000021b9
00800000
01028399
01028419
000021c3
00800000
01028399
01028419
01028499
000021cd
00800000
01028419
01028499
000021d7
00800000
01028419
01028499
000021d8
00800000
01028419
000021e2
00800000
01028399
01028419
000021ec
00800000
01028419
01028499
000021f6
00800000
01028399
01028419
00002200
00800000
01028419
01028499
0000220a
00800000
01028419
01028499
00002214
00800000
01028399
01028419
01028499
00002215
00800000
01028419
01028499
0000221f
00800000
01028399
01028419
00002229
00800000
01028419
01028499
00002233
00800000
01028419
01028499
0000223d
00800000
01028399
01028419
01028499
00002247
00800000
01028419
01028499
00002252
00800000
01028419
0000225c
00800000
01028419
00002266
00800000
01028399
01028419
00002270
00800000
01028419
01028499
0000227a
00800000
01028399
01028419
00002284
00800000
01028399
01028419
01028499
0000228f
00800000
01028419
01028499
00002299
00800000
01028419
01028499
000022a3
00800000
01028419
000022ad
00800000
01028419
01028499
000022b7
00800000
01028419
000022c1
00800000
01028399
01028419
000022cc
00800000
01028399
01028419
000022d6
00800000
01028419
000022e0
00800000
01028399
01028419
01028499
000022ea
00800000
01028399
01028419
01028499
000022f4
00800000
01028399
01028419
01028499
000022fe
00800000
01028419
01028499
00002309
00800000
01028419
00002313
00800000
01028399
01028419
0000231d
00800000
01028399
01028419
00002327
00800000
01028419
01028499
00002331
00800000
01028399
01028419
0000233b
00800000
01028399
01028419
0000233c
00800000
01028419
01028499
00002346
00800000
01028399
01028419
01028499
00002350
00800000
01028399
01028419
01028499
0000235a
00800000
01028419
01028499
00002364
00800000
01028399
01028419
01028499
0000236e
00800000
01028419
01028499
00002378
00800000
01028419
01028499
00002379
00800000
01028419
01028499
00002383
00800000
01028419
01028499
0000238d
00800000
01028419
01028499
00002397
00800000
01028419
01028499
000023a1
00800000
01028419
01028499
000023ab
00800000
01028399
01028419
000023b6
00800000
01028419
000023c0
00800000
01028419
000023ca
00800000
01028399
01028419
000023d4
00800000
01028399
01028419
01028499
000023de
00800000
01028419
01028499
000023e8
00800000
01028399
01028419
000023f3
00800000
01028419
000023fd
00800000
01028419
01028499
00002407
00800000
01028399
01028419
01028499
00002411
00800000
01028419
01028499
0000241b
00800000
01028419
01028499
00002425
00800000
01028419
01028499
00002430
00800000
01028419
01028499
0000243a
00800000
01028419
01028499
00002444
00800000
01028419
01028499
0000244e
00800000
01028419
01028499
00002458
00800000
01028419
01028499
00002462
00800000
01028419
01028499
0000246d
00800000
01028419
01028499
00002477
00800000
01028399
01028419
00002481
00800000
01028399
01028419
0000248b
00800000
01028419
01028499
00002495
00800000
01028419
01028499
0000249f
00800000
01028419
01028499
000024a0
00800000
01028419
01028499
000024aa
00800000
01028419
01028499
000024b4
00800000
01028419
01028499
000024be
00800000
01028419
01028499
000024c8
00800000
01028399
01028419
000024d2
00800000
01028419
01028499
000024dc
00800000
01028399
01028419
01028499
000024dd
00800000
01028419
01028499
000024e7
00800000
01028419
01028499
000024f1
00800000
01028419
01028499
000024fb
00800000
01028419
01028499
00002505
00800000
01028419
01028499
0000250f
00800000
01028419
01028499
0000251a
00800000
01028399
01028419
01028499
00002524
00800000
01028399
01028419
01028499
0000252e
00800000
01028399
01028419
00002538
00800000
01028419
00002542
00800000
01028419
0000254c
00800000
01028419
00002557
00800000
01028419
00002561
00800000
01028419
0000256b
00800000
01028399
01028419
01028499
00002575
00800000
01028419
0000257f
00800000
01028419
01028499
00002589
00800000
01028419
01028499
00002594
00800000
01028399
01028419
01028499
0000259e
00800000
01028419
01028499
000025a8
00800000
01028399
01028419
000025b2
00800000
01028419
01028499
000025bc
00800000
01028419
01028499
000025c6
00800000
01028419
000025d1
00800000
01028399
01028419
000025db
00800000
01028419
01028499
000025e5
00800000
01028419
01028499
000025ef
00800000
01028419
01028499
000025f9
00800000
01028399
01028419
01028499
00002603
00800000
01028399
01028419
01028499
00002604
00800000
01028399
01028419
01028499
0000260e
00800000
01028419
00002618
00800000
01028399
01028419
01028499
00002622
00800000
01028419
0000262c
00800000
01028419
01028499
00002636
00800000
01028419
01028499
00002640
00800000
01028399
01028419
01028499
00002641
00800000
01028419
01028499
0000264b
00800000
01028399
01028419
01028499
00002655
00800000
01028419
0000265f
00800000
01028399
01028419
01028499
00002669
00800000
01028419
01028499
00002673
00800000
01028419
0000267e
00800000
01028419
01028499
00002688
00800000
01028419
01028499
00002692
00800000
01028399
01028419
0000269c
00800000
01028419
01028499
000026a6
00800000
01028399
01028419
01028499
000026b0
00800000
01028399
01028419
01028499
000026bb
00800000
01028419
01028499
000026c5
00800000
01028419
01028499
000026cf
00800000
01028399
01028419
000026d9
00800000
01028419
01028499
000026e3
00800000
01028419
01028499
000026ed
00800000
01028399
01028419
01028499
000026f8
00800000
01028399
01028419
00002702
00800000
01028419
