01028319
00000000
00800000
01028319
00000006
00800000
01028319
00000025
00800000
01028319
0000002f
00800000
01028319
00000057
00800000
01028319
00000080
00800000
01028319
000000d1
00800000
01028319
000000d2
00800000
01028319
000000dc
00800000
01028319
000000f0
00800000
01028319
000000fa
00800000
01028319
0000012d
00800000
01028319
0000014c
00800000
01028319
00000156
00800000
01028319
0000017e
00800000
01028319
000001c6
00800000
01028319
00000217
00800000
01028319
00000235
00800000
01028319
00000236
00800000
01028319
0000025e
00800000
01028319
00000291
00800000
01028319
0000029b
00800000
01028319
000002ba
00800000
01028319
000002c4
00800000
01028319
000002d8
00800000
01028319
000002f7
00800000
01028319
00000301
00800000
01028319
00000315
00800000
01028319
00000352
00800000
01028319
0000035c
00800000
01028319
00000399
00800000
01028319
000003eb
00800000
01028319
0000043c
00800000
01028319
00000446
00800000
01028319
00000483
00800000
01028319
0000048e
00800000
01028319
000004a2
00800000
01028319
000004d5
00800000
01028319
000004fd
00800000
01028319
00000512
00800000
01028319
00000582
00800000
01028319
00000596
00800000
01028319
000005aa
00800000
01028319
0000068a
00800000
01028319
000006dc
00800000
01028319
000006f0
00800000
01028319
000006fa
00800000
01028319
00000704
00800000
01028319
00000756
00800000
01028319
0000079d
00800000
01028319
000007a7
00800000
01028319
000007c5
00800000
01028319
000007d0
00800000
01028319
000007da
00800000
01028319
00000802
00800000
01028319
00000803
00800000
01028319
0000082b
00800000
01028319
00000835
00800000
01028319
0000084a
00800000
01028319
0000085e
00800000
01028319
00000872
00800000
01028319
00000891
00800000
01028319
0000089b
00800000
01028319
000008af
00800000
01028319
000008e2
00800000
01028319
00000915
00800000
01028319
00000929
00800000
01028319
00000934
00800000
01028319
00000952
00800000
01028319
00000966
00800000
01028319
000009ae
00800000
01028319
000009b8
00800000
01028319
000009c2
00800000
01028319
000009e1
00800000
01028319
000009f5
00800000
01028319
00000a09
00800000
01028319
00000a79
00800000
01028319
00000ac0
00800000
01028319
00000aca
00800000
01028319
00000acb
00800000
01028319
00000adf
00800000
01028319
00000ae9
00800000
01028319
00000b3a
00800000
01028319
00000b45
00800000
01028319
00000baa
00800000
01028319
00000bdd
00800000
01028319
00000c39
00800000
01028319
00000c8a
00800000
01028319
00000ca9
00800000
01028319
00000cb3
00800000
01028319
00000cbd
00800000
01028319
00000cd1
00800000
01028319
00000d2d
00800000
01028319
00000d37
00800000
01028319
00000d60
00800000
01028319
00000d88
00800000
01028319
00000dd0
00800000
01028319
00000de4
00800000
01028319
00000e0d
00800000
01028319
00000e3f
00800000
01028319
00000e87
00800000
01028319
00000e9b
00800000
01028319
00000ee2
00800000
01028319
00000f29
00800000
01028319
00000f85
00800000
01028319
00000fae
00800000
01028319
00000fb8
00800000
01028319
00000fc2
00800000
01028319
00000fcc
00800000
01028319
00000fe0
00800000
01028319
00000feb
00800000
01028319
00001028
00800000
01028319
000010a2
00800000
01028319
000010ac
00800000
01028319
000010c0
00800000
01028319
000010d5
00800000
01028319
000010fd
00800000
01028319
00001112
00800000
01028319
0000111c
00800000
01028319
00001159
00800000
01028319
0000118c
00800000
01028319
000011aa
00800000
01028319
000011dd
00800000
01028319
00001210
00800000
01028319
0000121a
00800000
01028319
0000122e
00800000
01028319
0000124d
00800000
01028319
00001261
00800000
01028319
000012d1
00800000
01028319
000012e5
00800000
01028319
000012fa
00800000
01028319
00001337
00800000
01028319
00001374
00800000
01028319
0000139d
00800000
01028319
000013a7
00800000
01028319
000013bb
00800000
01028319
000013da
00800000
01028319
00001454
00800000
01028319
00001491
00800000
01028319
0000149b
00800000
01028319
00001501
00800000
01028319
00001533
00800000
01028319
0000155c
00800000
01028319
00001566
00800000
01028319
0000157b
00800000
01028319
0000158f
00800000
01028319
000015b8
00800000
01028319
000015e0
00800000
01028319
00001609
00800000
01028319
00001646
00800000
01028319
0000165a
00800000
01028319
0000166f
00800000
01028319
000016a2
00800000
01028319
000016b6
00800000
01028319
000016d4
00800000
01028319
00001707
00800000
01028319
0000171c
00800000
01028319
00001730
00800000
01028319
00001759
00800000
01028319
00001763
00800000
01028319
0000176d
00800000
01028319
0000178b
00800000
01028319
0000178c
00800000
01028319
000017be
00800000
01028319
000017dd
00800000
01028319
000017fb
00800000
01028319
00001880
00800000
01028319
00001894
00800000
01028319
000018a8
00800000
01028319
000018bd
00800000
01028319
000018e5
00800000
01028319
000018ef
00800000
01028319
000018f0
00800000
01028319
0000192d
00800000
01028319
0000195f
00800000
01028319
0000196a
00800000
01028319
0000197e
00800000
01028319
000019cf
00800000
01028319
00001a16
00800000
01028319
00001a17
00800000
01028319
00001a53
00800000
01028319
00001a54
00800000
01028319
00001a68
00800000
01028319
00001a9b
00800000
01028319
00001aa5
00800000
01028319
00001b00
00800000
01028319
00001b15
00800000
01028319
00001b29
00800000
01028319
00001b33
00800000
01028319
00001bad
00800000
01028319
00001bff
00800000
01028319
00001c09
00800000
01028319
00001c1d
00800000
01028319
00001c32
00800000
01028319
00001ca1
00800000
01028319
00001cca
00800000
01028319
00001cd4
00800000
01028319
00001cde
00800000
01028319
00001cf3
00800000
01028319
00001cfd
00800000
01028319
00001d26
00800000
01028319
00001d44
00800000
01028319
00001d77
00800000
01028319
00001daa
00800000
01028319
00001df1
00800000
01028319
00001e42
00800000
01028319
00001ec7
00800000
01028319
00001ed1
00800000
01028319
00001edb
00800000
01028319
00001eef
00800000
01028319
00001efa
00800000
01028319
00001f04
00800000
01028319
00001f18
00800000
01028319
00001f2c
00800000
01028319
00001f55
00800000
01028319
00001f7e
00800000
01028319
00001f92
00800000
01028319
00001fa6
00800000
01028319
00001fa7
00800000
01028319
00001fc5
00800000
01028319
00002002
00800000
01028319
00002016
00800000
01028319
00002021
00800000
01028319
00002086
00800000
01028319
00002090
00800000
01028319
0000209b
00800000
01028319
000020a5
00800000
01028319
000020cd
00800000
01028319
000020e2
00800000
01028319
000020f6
00800000
01028319
00002129
00800000
01028319
0000215c
00800000
01028319
0000217a
00800000
01028319
00002185
00800000
01028319
0000218f
00800000
01028319
00002199
00800000
01028319
000021a3
00800000
01028319
000021ad
00800000
01028319
000021c2
00800000
01028319
000021d6
00800000
01028319
000021ea
00800000
01028319
00002227
00800000
01028319
00002246
00800000
01028319
00002250
00800000
01028319
0000225a
00800000
01028319
00002279
00800000
01028319
00002297
00800000
01028319
000022c0
00800000
01028319
000022f3
00800000
01028319
00002330
00800000
01028319
0000234e
00800000
01028319
000023c8
00800000
01028319
000023e7
00800000
01028319
00002475
00800000
01028319
0000248a
00800000
01028319
000024a8
00800000
01028319
000024c7
00800000
01028319
000024db
00800000
01028319
0000250e
00800000
01028319
0000257e
00800000
01028319
000025a6
00800000
01028319
000025c5
00800000
01028319
000025d9
00800000
01028319
000025e3
00800000
01028319
0000267c
00800000
01028319
000026a5
00800000
01028319
000026af
00800000
01028319
000026c3
00800000
01028319
