01028399
01028414
01028419
01028499
00000000
00800000
01028399
01028419
01028499
00000004
00800000
01028419
0000000e
00800000
01028419
01028499
0000000f
00800000
01028399
01028419
00000019
00800000
01028419
01028499
00000023
00800000
01028419
01028499
0000002d
00800000
01028419
01028499
00000037
00800000
01028399
01028419
01028499
00000041
00800000
01028419
01028499
0000004c
00800000
01028399
01028414
01028419
00000056
00800000
01028419
00000060
00800000
01028399
01028419
01028499
0000006a
00800000
01028419
00000074
00800000
01028419
01028499
0000007e
00800000
01028399
01028419
01028499
00000089
00800000
01028419
01028499
00000093
00800000
01028419
01028499
0000009d
00800000
01028419
000000a7
00800000
01028399
01028414
01028419
000000b1
00800000
01028399
01028419
000000bb
00800000
01028399
01028419
000000c6
00800000
01028419
01028499
000000d0
00800000
01028419
01028499
000000da
00800000
01028419
01028499
000000e4
00800000
01028399
01028419
01028499
000000ee
00800000
01028414
01028419
01028499
000000f8
00800000
01028399
01028419
01028499
00000103
00800000
01028414
01028419
01028499
0000010d
00800000
01028419
01028499
00000117
00800000
01028399
01028419
01028499
00000121
00800000
01028414
01028419
01028499
0000012b
00800000
01028399
01028419
01028499
00000135
00800000
01028399
01028419
01028499
00000136
00800000
01028419
00000140
00800000
01028414
01028419
01028499
0000014a
00800000
01028399
01028419
00000154
00800000
01028419
01028499
0000015e
00800000
01028419
01028499
00000168
00800000
01028419
00000172
00800000
01028419
00000173
00800000
01028399
01028419
01028499
0000017d
00800000
01028419
00000187
00800000
01028419
01028499
00000191
00800000
01028399
01028414
01028419
01028499
0000019b
00800000
01028399
01028414
01028419
01028499
000001a5
00800000
01028399
01028419
01028499
000001b0
00800000
01028419
000001ba
00800000
01028399
01028419
000001c4
00800000
01028419
01028499
000001ce
00800000
01028419
01028499
000001d8
00800000
01028419
000001e2
00800000
01028419
01028499
000001ed
00800000
01028419
01028499
000001f7
00800000
01028419
01028499
00000201
00800000
01028419
01028499
0000020b
00800000
01028399
01028419
01028499
00000215
00800000
01028399
01028419
0000021f
00800000
01028399
01028419
01028499
0000022a
00800000
01028399
01028419
00000234
00800000
01028419
01028499
0000023e
00800000
01028414
01028419
01028499
00000248
00800000
01028419
01028499
00000252
00800000
01028419
01028499
0000025c
00800000
01028419
01028499
00000267
00800000
01028419
01028499
00000271
00800000
01028399
01028419
0000027b
00800000
01028399
01028419
01028499
00000285
00800000
01028399
01028419
01028499
0000028f
00800000
01028419
01028499
00000299
00800000
01028419
0000029a
00800000
01028419
01028499
000002a4
00800000
01028419
000002ae
00800000
01028399
01028419
01028499
000002b8
00800000
01028399
01028419
01028499
000002c2
00800000
01028419
01028499
000002cc
00800000
01028414
01028419
01028499
000002d6
00800000
01028414
01028419
01028499
000002d7
00800000
01028399
01028419
000002e1
00800000
01028399
01028419
01028499
000002eb
00800000
01028399
01028419
01028499
000002f5
00800000
01028419
01028499
000002ff
00800000
01028419
01028499
00000309
00800000
01028399
01028419
01028499
00000314
00800000
01028419
01028499
0000031e
00800000
01028419
01028499
00000328
00800000
01028419
01028499
00000332
00800000
01028419
0000033c
00800000
01028399
01028414
01028419
01028499
00000346
00800000
01028419
00000351
00800000
01028419
01028499
0000035b
00800000
01028419
01028499
00000365
00800000
01028399
01028419
01028499
0000036f
00800000
01028419
01028499
00000379
00800000
01028419
01028499
00000383
00800000
01028419
01028499
0000038e
00800000
01028399
01028419
00000398
00800000
01028399
01028419
01028499
000003a2
00800000
01028419
01028499
000003ac
00800000
01028419
01028499
000003b6
00800000
01028419
01028499
000003c0
00800000
01028419
000003cb
00800000
01028419
01028499
000003d5
00800000
01028419
000003df
00800000
01028399
01028419
01028499
000003e9
00800000
01028419
01028499
000003f3
00800000
01028419
01028499
000003fd
00800000
01028419
01028499
000003fe
00800000
01028414
01028419
01028499
00000408
00800000
01028399
01028419
01028499
00000412
00800000
01028414
01028419
01028499
0000041c
00800000
01028399
01028419
01028499
00000426
00800000
01028419
01028499
00000430
00800000
01028419
01028499
0000043a
00800000
01028419
01028499
0000043b
00800000
01028419
01028499
00000445
00800000
01028419
01028499
0000044f
00800000
01028399
01028419
00000459
00800000
01028419
00000463
00800000
01028419
01028499
0000046d
00800000
01028419
01028499
00000478
00800000
01028419
01028499
00000482
00800000
01028419
01028499
0000048c
00800000
01028419
00000496
00800000
01028399
01028419
000004a0
00800000
01028419
01028499
000004aa
00800000
01028419
01028499
000004b5
00800000
01028414
01028419
000004bf
00800000
01028414
01028419
01028499
000004c9
00800000
01028419
01028499
000004d3
00800000
01028419
000004dd
00800000
01028399
01028419
01028499
000004e7
00800000
01028419
000004f2
00800000
01028419
01028499
000004fc
00800000
01028399
01028414
01028419
01028499
00000506
00800000
01028419
01028499
00000510
00800000
01028399
01028419
01028499
0000051a
00800000
01028414
01028419
01028499
00000524
00800000
01028399
01028419
0000052f
00800000
01028399
01028419
00000539
00800000
01028419
01028499
00000543
00800000
01028419
01028499
0000054d
00800000
01028419
01028499
00000557
00800000
01028399
01028419
01028499
00000561
00800000
01028399
01028419
01028499
00000562
00800000
01028399
01028419
01028499
0000056c
00800000
01028419
01028499
00000576
00800000
01028399
01028419
01028499
00000580
00800000
01028419
0000058a
00800000
01028419
01028499
00000594
00800000
01028419
01028499
0000059e
00800000
01028419
01028499
0000059f
00800000
01028419
01028499
000005a9
00800000
01028419
01028499
000005b3
00800000
01028399
01028419
01028499
000005bd
00800000
01028419
000005c7
00800000
01028419
01028499
000005d1
00800000
01028399
01028419
01028499
000005dc
00800000
01028419
01028499
000005e6
00800000
01028399
01028419
000005f0
00800000
01028419
01028499
000005fa
00800000
01028419
01028499
00000604
00800000
01028414
01028419
0000060e
00800000
01028399
01028419
01028499
00000619
00800000
01028419
01028499
00000623
00800000
01028419
01028499
0000062d
00800000
01028419
01028499
00000637
00800000
01028399
01028419
01028499
00000641
00800000
01028419
0000064b
00800000
01028399
01028414
01028419
01028499
00000656
00800000
01028414
01028419
01028499
00000660
00800000
01028399
01028419
01028499
0000066a
00800000
01028399
01028419
01028499
00000674
00800000
01028399
01028419
01028499
0000067e
00800000
01028419
01028499
00000688
00800000
01028419
01028499
00000693
00800000
01028399
01028419
01028499
0000069d
00800000
01028419
01028499
000006a7
00800000
01028399
01028419
01028499
000006b1
00800000
01028419
01028499
000006bb
00800000
01028399
01028419
01028499
000006c5
00800000
01028419
000006c6
00800000
01028419
000006d0
00800000
01028419
000006da
00800000
01028419
000006e4
00800000
01028419
01028499
000006ee
00800000
01028399
01028419
01028499
000006f8
00800000
01028419
01028499
00000702
00800000
01028419
01028499
00000703
00800000
01028399
01028419
01028499
0000070d
00800000
01028419
01028499
00000717
00800000
01028419
01028499
00000721
00800000
01028419
01028499
0000072b
00800000
01028419
01028499
00000735
00800000
01028419
00000740
00800000
01028399
01028419
01028499
0000074a
00800000
01028419
01028499
00000754
00800000
01028419
01028499
0000075e
00800000
01028399
01028419
01028499
00000768
00800000
01028399
01028419
01028499
00000772
00800000
01028419
01028499
0000077d
00800000
01028419
01028499
00000787
00800000
01028419
01028499
00000791
00800000
01028399
01028419
01028499
0000079b
00800000
01028399
01028419
000007a5
00800000
01028419
01028499
000007af
00800000
01028419
000007ba
00800000
01028414
01028419
01028499
000007c4
00800000
01028419
000007ce
00800000
01028419
01028499
000007d8
00800000
01028419
01028499
000007e2
00800000
01028399
01028419
000007ec
00800000
01028419
01028499
000007f7
00800000
01028419
01028499
00000801
00800000
01028419
01028499
0000080b
00800000
01028414
01028419
01028499
00000815
00800000
01028419
01028499
0000081f
00800000
01028399
01028419
00000829
00800000
01028399
01028419
0000082a
00800000
01028419
01028499
00000834
00800000
01028399
01028419
01028499
0000083e
00800000
01028399
01028414
01028419
01028499
00000848
00800000
01028419
01028499
00000852
00800000
01028399
01028419
01028499
0000085c
00800000
01028419
01028499
00000866
00800000
01028419
01028499
00000867
00800000
01028419
00000871
00800000
01028419
0000087b
00800000
01028399
01028419
01028499
00000885
00800000
01028419
01028499
0000088f
00800000
01028399
01028419
00000899
00800000
01028419
000008a3
00800000
01028399
01028419
01028499
000008a4
00800000
01028419
01028499
000008ae
00800000
01028419
01028499
000008b8
00800000
01028419
000008c2
00800000
01028399
01028419
01028499
000008cc
00800000
01028419
01028499
000008d6
00800000
01028399
01028419
01028499
000008e1
00800000
01028399
01028419
000008eb
00800000
01028419
01028499
000008f5
00800000
01028419
01028499
000008ff
00800000
01028399
01028419
00000909
00800000
01028419
01028499
00000913
00800000
01028399
01028419
0000091e
00800000
01028399
01028419
01028499
00000928
00800000
01028399
01028419
01028499
00000932
00800000
01028419
01028499
0000093c
00800000
01028399
01028414
01028419
01028499
00000946
00800000
01028419
00000950
00800000
01028399
01028419
01028499
0000095b
00800000
01028419
01028499
00000965
00800000
01028419
01028499
0000096f
00800000
01028419
01028499
00000979
00800000
01028419
00000983
00800000
01028414
01028419
01028499
0000098d
00800000
01028419
0000098e
00800000
01028419
01028499
00000998
00800000
01028399
01028419
01028499
000009a2
00800000
01028399
01028419
01028499
000009ac
00800000
01028419
000009b6
00800000
01028419
000009c0
00800000
01028419
01028499
000009ca
00800000
01028419
01028499
000009cb
00800000
01028419
01028499
000009d5
00800000
01028419
000009df
00800000
01028399
01028419
01028499
000009e9
00800000
01028399
01028419
01028499
000009f3
00800000
01028399
01028419
01028499
000009fd
00800000
01028419
00000a07
00800000
01028419
01028499
00000a08
00800000
01028399
01028414
01028419
01028499
00000a12
00800000
01028414
01028419
01028499
00000a1c
00800000
01028419
01028499
00000a26
00800000
01028419
00000a30
00800000
01028419
01028499
00000a3a
00800000
01028419
01028499
00000a45
00800000
01028419
01028499
00000a4f
00800000
01028419
01028499
00000a59
00800000
01028419
01028499
00000a63
00800000
01028399
01028414
01028419
01028499
00000a6d
00800000
01028419
01028499
00000a77
00800000
01028399
01028419
00000a82
00800000
01028419
01028499
00000a8c
00800000
01028419
01028499
00000a96
00800000
01028399
01028419
01028499
00000aa0
00800000
01028414
01028419
01028499
00000aaa
00800000
01028419
01028499
00000ab4
00800000
01028419
01028499
00000abf
00800000
01028419
00000ac9
00800000
01028399
01028419
01028499
00000ad3
00800000
01028419
00000add
00800000
01028419
01028499
00000ae7
00800000
01028419
00000af1
00800000
01028419
00000af2
00800000
01028419
01028499
00000afc
00800000
01028419
01028499
00000b06
00800000
01028419
01028499
00000b10
00800000
01028419
01028499
00000b1a
00800000
01028399
01028419
00000b24
00800000
01028419
01028499
00000b2e
00800000
01028419
01028499
00000b2f
00800000
01028419
00000b39
00800000
01028414
01028419
01028499
00000b43
00800000
01028399
01028419
01028499
00000b4d
00800000
01028414
01028419
00000b57
00800000
01028419
01028499
00000b61
00800000
01028419
00000b6b
00800000
01028419
01028499
00000b6c
00800000
01028399
01028414
01028419
00000b76
00800000
01028419
01028499
00000b80
00800000
01028399
01028419
01028499
00000b8a
00800000
01028399
01028419
00000b94
00800000
01028419
01028499
00000b9e
00800000
01028399
01028419
01028499
00000ba9
00800000
01028419
01028499
00000bb3
00800000
01028399
01028419
00000bbd
00800000
01028419
01028499
00000bc7
00800000
01028414
01028419
00000bd1
00800000
01028399
01028414
01028419
00000bdb
00800000
01028419
01028499
00000be6
00800000
01028399
01028419
01028499
00000bf0
00800000
01028399
01028419
00000bfa
00800000
01028419
01028499
00000c04
00800000
01028419
01028499
00000c0e
00800000
01028414
01028419
01028499
00000c18
00800000
01028399
01028419
00000c23
00800000
01028399
01028419
00000c2d
00800000
01028414
01028419
01028499
00000c37
00800000
01028399
01028414
01028419
01028499
00000c41
00800000
01028419
01028499
00000c4b
00800000
01028399
01028419
01028499
00000c55
00800000
01028419
00000c56
00800000
01028419
01028499
00000c60
00800000
01028419
01028499
00000c6a
00800000
01028419
01028499
00000c74
00800000
01028419
00000c7e
00800000
01028419
01028499
00000c88
00800000
01028419
00000c92
00800000
01028419
00000c93
00800000
01028419
01028499
00000c9d
00800000
01028399
01028419
00000ca7
00800000
01028399
01028419
01028499
00000cb1
00800000
01028419
00000cbb
00800000
01028419
01028499
00000cc5
00800000
01028419
00000ccf
00800000
01028399
01028414
01028419
01028499
00000cd0
00800000
01028419
01028499
00000cda
00800000
01028419
01028499
00000ce4
00800000
01028419
00000cee
00800000
01028419
01028499
00000cf8
00800000
01028419
00000d02
00800000
01028419
00000d0d
00800000
01028419
00000d17
00800000
01028419
01028499
00000d21
00800000
01028399
01028419
01028499
00000d2b
00800000
01028419
01028499
00000d35
00800000
01028414
01028419
01028499
00000d3f
00800000
01028419
01028499
00000d4a
00800000
01028419
01028499
00000d54
00800000
01028399
01028419
01028499
00000d5e
00800000
01028419
01028499
00000d68
00800000
01028414
01028419
01028499
00000d72
00800000
01028419
01028499
00000d7c
00800000
01028419
01028499
00000d87
00800000
01028419
00000d91
00800000
01028419
01028499
00000d9b
00800000
01028419
00000da5
00800000
01028399
01028419
01028499
00000daf
00800000
01028419
01028499
00000db9
00800000
01028419
01028499
00000dc4
00800000
01028419
01028499
00000dce
00800000
01028399
01028419
01028499
00000dd8
00800000
01028399
01028419
01028499
00000de2
00800000
01028414
01028419
01028499
00000dec
00800000
01028419
00000df6
00800000
01028419
00000df7
00800000
01028419
01028499
00000e01
00800000
01028419
00000e0b
00800000
01028399
01028414
01028419
01028499
00000e15
00800000
01028419
01028499
00000e1f
00800000
01028419
00000e29
00800000
01028419
00000e33
00800000
01028399
01028414
01028419
01028499
00000e34
00800000
01028399
01028419
01028499
00000e3e
00800000
01028419
00000e48
00800000
01028399
01028419
00000e52
00800000
01028414
01028419
00000e5c
00800000
01028419
01028499
00000e66
00800000
01028419
01028499
00000e71
00800000
01028419
00000e7b
00800000
01028399
01028419
01028499
00000e85
00800000
01028399
01028419
01028499
00000e8f
00800000
01028419
00000e99
00800000
01028419
01028499
00000ea3
00800000
01028399
01028419
01028499
00000eae
00800000
01028399
01028419
01028499
00000eb8
00800000
01028399
01028419
00000ec2
00800000
01028419
00000ecc
00800000
01028399
01028419
01028499
00000ed6
00800000
01028399
01028419
01028499
00000ee0
00800000
01028419
01028499
00000eeb
00800000
01028419
01028499
00000ef5
00800000
01028419
00000eff
00800000
01028399
01028419
01028499
00000f09
00800000
01028419
00000f13
00800000
01028419
00000f1d
00800000
01028399
01028419
00000f28
00800000
01028399
01028419
01028499
00000f32
00800000
01028419
01028499
00000f3c
00800000
01028419
01028499
00000f46
00800000
01028399
01028419
01028499
00000f50
00800000
01028399
01028419
01028499
00000f5a
00800000
01028399
01028419
01028499
00000f5b
00800000
01028419
01028499
00000f65
00800000
01028419
01028499
00000f6f
00800000
01028399
01028414
01028419
01028499
00000f79
00800000
01028419
01028499
00000f83
00800000
01028419
01028499
00000f8d
00800000
01028419
00000f97
00800000
01028414
01028419
01028499
00000f98
00800000
01028399
01028419
00000fa2
00800000
01028414
01028419
00000fac
00800000
01028414
01028419
01028499
00000fb6
00800000
01028419
01028499
00000fc0
00800000
01028399
01028419
01028499
00000fca
00800000
01028419
00000fd5
00800000
01028419
01028499
00000fdf
00800000
01028419
00000fe9
00800000
01028419
00000ff3
00800000
01028399
01028414
01028419
00000ffd
00800000
01028399
01028419
01028499
00001007
00800000
01028419
01028499
00001012
00800000
01028419
0000101c
00800000
01028414
01028419
01028499
00001026
00800000
01028419
01028499
00001030
00800000
01028414
01028419
01028499
0000103a
00800000
01028419
01028499
00001044
00800000
01028399
01028419
01028499
0000104f
00800000
01028419
00001059
00800000
01028419
01028499
00001063
00800000
01028419
01028499
0000106d
00800000
01028419
00001077
00800000
01028419
01028499
00001081
00800000
01028419
01028499
0000108c
00800000
01028399
01028419
01028499
00001096
00800000
01028419
01028499
000010a0
00800000
01028419
01028499
000010aa
00800000
01028419
000010b4
00800000
01028419
01028499
000010be
00800000
01028419
01028499
000010bf
00800000
01028419
01028499
000010c9
00800000
01028419
000010d3
00800000
01028399
01028419
01028499
000010dd
00800000
01028414
01028419
000010e7
00800000
01028419
01028499
000010f1
00800000
01028419
000010fb
00800000
01028419
01028499
000010fc
00800000
01028419
01028499
00001106
00800000
01028419
00001110
00800000
01028399
01028419
01028499
0000111a
00800000
01028399
01028419
00001124
00800000
01028399
01028419
01028499
0000112e
00800000
01028414
01028419
01028499
00001139
00800000
01028419
01028499
00001143
00800000
01028399
01028419
01028499
0000114d
00800000
01028399
01028419
00001157
00800000
01028419
00001161
00800000
01028419
01028499
0000116b
00800000
01028419
00001176
00800000
01028399
01028414
01028419
00001180
00800000
01028399
01028414
01028419
01028499
0000118a
00800000
01028399
01028419
01028499
00001194
00800000
01028399
01028414
01028419
01028499
0000119e
00800000
01028399
01028419
01028499
000011a8
00800000
01028419
01028499
000011b3
00800000
01028414
01028419
01028499
000011bd
00800000
01028419
01028499
000011c7
00800000
01028399
01028419
01028499
000011d1
00800000
01028419
01028499
000011db
00800000
01028419
01028499
000011e5
00800000
01028419
01028499
000011f0
00800000
01028414
01028419
01028499
000011fa
00800000
01028419
00001204
00800000
01028399
01028419
0000120e
00800000
01028414
01028419
01028499
00001218
00800000
01028419
01028499
00001222
00800000
01028419
01028499
00001223
00800000
01028419
0000122d
00800000
01028399
01028419
00001237
00800000
01028419
01028499
00001241
00800000
01028419
01028499
0000124b
00800000
01028419
01028499
00001255
00800000
01028419
01028499
0000125f
00800000
01028419
01028499
00001260
00800000
01028399
01028419
0000126a
00800000
01028419
00001274
00800000
01028419
01028499
0000127e
00800000
01028419
01028499
00001288
00800000
01028419
00001292
00800000
01028399
01028419
01028499
0000129d
00800000
01028399
01028419
01028499
000012a7
00800000
01028399
01028419
01028499
000012b1
00800000
01028399
01028419
01028499
000012bb
00800000
01028414
01028419
000012c5
00800000
01028419
000012cf
00800000
01028419
01028499
000012da
00800000
01028399
01028419
01028499
000012e4
00800000
01028419
01028499
000012ee
00800000
01028399
01028419
000012f8
00800000
01028419
00001302
00800000
01028419
01028499
0000130c
00800000
01028399
01028419
01028499
00001317
00800000
01028419
01028499
00001321
00800000
01028419
01028499
0000132b
00800000
01028399
01028414
01028419
01028499
00001335
00800000
01028419
0000133f
00800000
01028419
01028499
00001349
00800000
01028419
00001354
00800000
01028399
01028419
01028499
0000135e
00800000
01028399
01028419
01028499
00001368
00800000
01028419
00001372
00800000
01028399
01028419
01028499
0000137c
00800000
01028419
00001386
00800000
01028419
00001387
00800000
01028419
00001391
00800000
01028419
0000139b
00800000
01028419
01028499
000013a5
00800000
01028419
01028499
000013af
00800000
01028399
01028419
000013b9
00800000
01028419
01028499
000013c3
00800000
01028419
01028499
000013c4
00800000
01028399
01028419
01028499
000013ce
00800000
01028414
01028419
01028499
000013d8
00800000
01028419
01028499
000013e2
00800000
01028419
01028499
000013ec
00800000
01028399
01028419
000013f6
00800000
01028419
01028499
00001401
00800000
01028419
0000140b
00800000
01028419
01028499
00001415
00800000
01028399
01028419
01028499
0000141f
00800000
01028419
01028499
00001429
00800000
01028399
01028419
01028499
00001433
00800000
01028399
01028419
01028499
0000143e
00800000
01028419
01028499
00001448
00800000
01028399
01028414
01028419
00001452
00800000
01028419
01028499
0000145c
00800000
01028399
01028419
00001466
00800000
01028399
01028419
01028499
00001470
00800000
01028399
01028419
01028499
0000147b
00800000
01028419
01028499
00001485
00800000
01028419
01028499
0000148f
00800000
01028419
01028499
00001499
00800000
01028419
000014a3
00800000
01028399
01028414
01028419
01028499
000014ad
00800000
01028419
000014b8
00800000
01028419
000014c2
00800000
01028419
01028499
000014cc
00800000
01028419
01028499
000014d6
00800000
01028399
01028419
000014e0
00800000
01028419
01028499
000014ea
00800000
01028419
01028499
000014eb
00800000
01028419
01028499
000014f5
00800000
01028419
01028499
000014ff
00800000
01028419
01028499
00001509
00800000
01028419
00001513
00800000
01028419
0000151d
00800000
01028419
01028499
00001527
00800000
01028419
01028499
00001528
00800000
01028419
01028499
00001532
00800000
01028414
01028419
01028499
0000153c
00800000
01028414
01028419
01028499
00001546
00800000
01028414
01028419
01028499
00001550
00800000
01028419
01028499
0000155a
00800000
01028419
01028499
00001565
00800000
01028419
01028499
0000156f
00800000
01028399
01028419
00001579
00800000
01028419
00001583
00800000
01028419
0000158d
00800000
01028419
01028499
00001597
00800000
01028399
01028419
01028499
000015a2
00800000
01028414
01028419
01028499
000015ac
00800000
01028399
01028419
000015b6
00800000
01028399
01028419
01028499
000015c0
00800000
01028419
000015ca
00800000
01028419
000015d4
00800000
01028419
01028499
000015df
00800000
01028414
01028419
01028499
000015e9
00800000
01028419
01028499
000015f3
00800000
01028399
01028419
000015fd
00800000
01028419
00001607
00800000
01028419
01028499
00001611
00800000
01028419
0000161c
00800000
01028399
01028419
01028499
00001626
00800000
01028419
01028499
00001630
00800000
01028399
01028419
01028499
0000163a
00800000
01028399
01028419
01028499
00001644
00800000
01028419
01028499
0000164e
00800000
01028419
01028499
0000164f
00800000
01028419
01028499
00001659
00800000
01028399
01028419
01028499
00001663
00800000
01028399
01028419
01028499
0000166d
00800000
01028419
00001677
00800000
01028419
01028499
00001681
00800000
01028419
01028499
0000168b
00800000
01028399
01028414
01028419
01028499
0000168c
00800000
01028419
00001696
00800000
01028419
01028499
000016a0
00800000
01028399
01028419
01028499
000016aa
00800000
01028399
01028419
000016b4
00800000
01028399
01028419
01028499
000016be
00800000
01028399
01028419
000016c9
00800000
01028399
01028419
01028499
000016d3
00800000
01028399
01028419
01028499
000016dd
00800000
01028419
01028499
000016e7
00800000
01028399
01028414
01028419
01028499
000016f1
00800000
01028419
01028499
000016fb
00800000
01028419
00001706
00800000
01028419
01028499
00001710
00800000
01028399
01028419
01028499
0000171a
00800000
01028419
01028499
00001724
00800000
01028419
0000172e
00800000
01028419
01028499
00001738
00800000
01028419
01028499
00001743
00800000
01028399
01028419
0000174d
00800000
01028419
00001757
00800000
01028419
00001761
00800000
01028419
0000176b
00800000
01028419
01028499
00001775
00800000
01028399
01028419
00001780
00800000
01028414
01028419
01028499
0000178a
00800000
01028419
00001794
00800000
01028419
01028499
0000179e
00800000
01028399
01028419
01028499
000017a8
00800000
01028419
000017b2
00800000
01028419
000017b3
00800000
01028399
01028419
000017bd
00800000
01028399
01028419
01028499
000017c7
00800000
01028399
01028419
01028499
000017d1
00800000
01028419
000017db
00800000
01028419
01028499
000017e5
00800000
01028419
000017ef
00800000
01028419
000017f0
00800000
01028419
01028499
000017fa
00800000
01028419
01028499
00001804
00800000
01028414
01028419
01028499
0000180e
00800000
01028419
00001818
00800000
01028414
01028419
01028499
00001822
00800000
01028419
01028499
0000182d
00800000
01028419
00001837
00800000
01028419
01028499
00001841
00800000
01028419
01028499
0000184b
00800000
01028399
01028419
01028499
00001855
00800000
01028419
01028499
0000185f
00800000
01028399
01028419
01028499
0000186a
00800000
01028419
01028499
00001874
00800000
01028419
0000187e
00800000
01028399
01028419
01028499
00001888
00800000
01028419
01028499
00001892
00800000
01028399
01028419
01028499
0000189c
00800000
01028399
01028419
01028499
000018a7
00800000
01028419
01028499
000018b1
00800000
01028419
01028499
000018bb
00800000
01028399
01028419
01028499
000018c5
00800000
01028414
01028419
01028499
000018cf
00800000
01028399
01028419
01028499
000018d9
00800000
01028414
01028419
01028499
000018e4
00800000
01028419
01028499
000018ee
00800000
01028399
01028419
000018f8
00800000
01028399
01028419
00001902
00800000
01028419
01028499
0000190c
00800000
01028399
01028419
00001916
00800000
01028399
01028419
00001917
00800000
01028419
01028499
00001921
00800000
01028399
01028419
0000192b
00800000
01028419
01028499
00001935
00800000
01028414
01028419
0000193f
00800000
01028399
01028419
01028499
00001949
00800000
01028419
01028499
00001953
00800000
01028419
01028499
00001954
00800000
01028414
01028419
01028499
0000195e
00800000
01028419
01028499
00001968
00800000
01028414
01028419
00001972
00800000
01028414
01028419
01028499
0000197c
00800000
01028419
01028499
00001986
00800000
01028419
00001991
00800000
01028419
0000199b
00800000
01028399
01028419
01028499
000019a5
00800000
01028419
01028499
000019af
00800000
01028399
01028414
01028419
01028499
000019b9
00800000
01028399
01028419
01028499
000019c3
00800000
01028399
01028419
01028499
000019ce
00800000
01028399
01028419
01028499
000019d8
00800000
01028419
000019e2
00800000
01028419
01028499
000019ec
00800000
01028399
01028419
01028499
000019f6
00800000
01028419
01028499
00001a00
00800000
01028419
01028499
00001a0b
00800000
01028419
01028499
00001a15
00800000
01028399
01028419
01028499
00001a1f
00800000
01028399
01028419
00001a29
00800000
01028419
00001a33
00800000
01028419
01028499
00001a3d
00800000
01028399
01028419
01028499
00001a48
00800000
01028419
01028499
00001a52
00800000
01028399
01028419
01028499
00001a5c
00800000
01028419
01028499
00001a66
00800000
01028399
01028419
00001a70
00800000
01028399
01028419
01028499
00001a7a
00800000
01028399
01028419
01028499
00001a7b
00800000
01028414
01028419
01028499
00001a85
00800000
01028419
01028499
00001a8f
00800000
01028419
01028499
00001a99
00800000
01028419
01028499
00001aa3
00800000
01028419
00001aad
00800000
01028419
01028499
00001ab7
00800000
01028414
01028419
01028499
00001ab8
00800000
01028399
01028419
01028499
00001ac2
00800000
01028399
01028414
01028419
01028499
00001acc
00800000
01028419
01028499
00001ad6
00800000
01028419
01028499
00001ae0
00800000
01028399
01028419
01028499
00001aea
00800000
01028419
01028499
00001af5
00800000
01028399
01028419
01028499
00001aff
00800000
01028419
00001b09
00800000
01028419
01028499
00001b13
00800000
01028419
01028499
00001b1d
00800000
01028419
01028499
00001b27
00800000
01028419
01028499
00001b32
00800000
01028399
01028419
01028499
00001b3c
00800000
01028399
01028419
00001b46
00800000
01028399
01028419
01028499
00001b50
00800000
01028419
00001b5a
00800000
01028414
01028419
01028499
00001b64
00800000
01028419
01028499
00001b6f
00800000
01028419
01028499
00001b79
00800000
01028419
00001b83
00800000
01028399
01028419
01028499
00001b8d
00800000
01028419
00001b97
00800000
01028414
01028419
01028499
00001ba1
00800000
01028419
01028499
00001bac
00800000
01028399
01028419
01028499
00001bb6
00800000
01028419
00001bc0
00800000
01028419
01028499
00001bca
00800000
01028419
01028499
00001bd4
00800000
01028399
01028419
00001bde
00800000
01028399
01028419
00001bdf
00800000
01028399
01028414
01028419
01028499
00001be9
00800000
01028419
01028499
00001bf3
00800000
01028419
01028499
00001bfd
00800000
01028414
01028419
00001c07
00800000
01028399
01028419
01028499
00001c11
00800000
01028419
00001c1b
00800000
01028419
00001c1c
00800000
01028419
01028499
00001c26
00800000
01028399
01028419
01028499
00001c30
00800000
01028419
00001c3a
00800000
01028419
01028499
00001c44
00800000
01028419
01028499
00001c4e
00800000
01028419
00001c58
00800000
01028419
01028499
00001c59
00800000
01028414
01028419
01028499
00001c63
00800000
01028419
01028499
00001c6d
00800000
01028399
01028419
00001c77
00800000
01028419
01028499
00001c81
00800000
01028419
01028499
00001c8b
00800000
01028399
01028419
01028499
00001c96
00800000
01028419
01028499
00001ca0
00800000
01028399
01028419
01028499
00001caa
00800000
01028419
01028499
00001cb4
00800000
01028419
01028499
00001cbe
00800000
01028419
00001cc8
00800000
01028419
01028499
00001cd3
00800000
01028399
01028419
01028499
00001cdd
00800000
01028419
01028499
00001ce7
00800000
01028419
01028499
00001cf1
00800000
01028419
01028499
00001cfb
00800000
01028399
01028419
01028499
00001d05
00800000
01028399
01028414
01028419
01028499
00001d10
00800000
01028399
01028414
01028419
00001d1a
00800000
01028419
01028499
00001d24
00800000
01028399
01028419
01028499
00001d2e
00800000
01028419
01028499
00001d38
00800000
01028414
01028419
01028499
00001d42
00800000
01028414
01028419
01028499
00001d43
00800000
01028419
01028499
00001d4d
00800000
01028414
01028419
00001d57
00800000
01028419
01028499
00001d61
00800000
01028419
01028499
00001d6b
00800000
01028419
01028499
00001d75
00800000
01028399
01028419
01028499
00001d7f
00800000
01028399
01028419
01028499
00001d80
00800000
01028399
01028419
01028499
00001d8a
00800000
01028419
01028499
00001d94
00800000
01028419
01028499
00001d9e
00800000
01028419
01028499
00001da8
00800000
01028419
00001db2
00800000
01028419
00001dbc
00800000
01028419
01028499
00001dbd
00800000
01028399
01028419
00001dc7
00800000
01028414
01028419
00001dd1
00800000
01028419
01028499
00001ddb
00800000
01028419
01028499
00001de5
00800000
01028419
01028499
00001def
00800000
01028399
01028419
01028499
00001dfa
00800000
01028399
01028419
01028499
00001e04
00800000
01028419
00001e0e
00800000
01028419
01028499
00001e18
00800000
01028399
01028419
00001e22
00800000
01028414
01028419
01028499
00001e2c
00800000
01028419
01028499
00001e37
00800000
01028399
01028419
00001e41
00800000
01028399
01028419
00001e4b
00800000
01028399
01028419
00001e55
00800000
01028419
01028499
00001e5f
00800000
01028399
01028419
01028499
00001e69
00800000
01028399
01028419
00001e74
00800000
01028399
01028419
01028499
00001e7e
00800000
01028419
00001e88
00800000
01028399
01028419
00001e92
00800000
01028399
01028419
01028499
00001e9c
00800000
01028419
01028499
00001ea6
00800000
01028419
01028499
00001ea7
00800000
01028399
01028419
01028499
00001eb1
00800000
01028419
00001ebb
00800000
01028419
01028499
00001ec5
00800000
01028419
00001ecf
00800000
01028414
01028419
00001ed9
00800000
01028419
01028499
00001ee3
00800000
01028419
01028499
00001ee4
00800000
01028419
00001eee
00800000
01028399
01028414
01028419
01028499
00001ef8
00800000
01028414
01028419
01028499
00001f02
00800000
01028399
01028414
01028419
01028499
00001f0c
00800000
01028399
01028414
01028419
01028499
00001f16
00800000
01028419
00001f20
00800000
01028419
00001f21
00800000
01028399
01028419
00001f2b
00800000
01028419
00001f35
00800000
01028399
01028419
00001f3f
00800000
01028419
00001f49
00800000
01028399
01028419
00001f53
00800000
01028419
00001f5e
00800000
01028399
01028419
01028499
00001f68
00800000
01028399
01028419
01028499
00001f72
00800000
01028399
01028414
01028419
00001f7c
00800000
01028419
01028499
00001f86
00800000
01028414
01028419
00001f90
00800000
01028419
00001f9b
00800000
01028414
01028419
01028499
00001fa5
00800000
01028419
01028499
00001faf
00800000
01028419
00001fb9
00800000
01028399
01028419
00001fc3
00800000
01028399
01028419
00001fcd
00800000
01028414
01028419
01028499
00001fd8
00800000
01028419
01028499
00001fe2
00800000
01028419
00001fec
00800000
01028419
00001ff6
00800000
01028399
01028419
00002000
00800000
01028419
0000200a
00800000
01028419
0000200b
00800000
01028399
01028419
01028499
00002015
00800000
01028419
01028499
0000201f
00800000
01028399
01028419
01028499
00002029
00800000
01028419
01028499
00002033
00800000
01028419
0000203d
00800000
01028399
01028419
01028499
00002047
00800000
01028399
01028419
01028499
00002048
00800000
01028399
01028419
01028499
00002052
00800000
01028419
01028499
0000205c
00800000
01028419
01028499
00002066
00800000
01028399
01028419
01028499
00002070
00800000
01028399
01028419
0000207a
00800000
01028419
00002084
00800000
01028419
01028499
00002085
00800000
01028419
01028499
0000208f
00800000
01028399
01028419
01028499
00002099
00800000
01028419
01028499
000020a3
00800000
01028399
01028419
000020ad
00800000
01028399
01028419
000020b7
00800000
01028419
000020c2
00800000
01028419
000020cc
00800000
01028419
01028499
000020d6
00800000
01028399
01028419
01028499
000020e0
00800000
01028419
01028499
000020ea
00800000
01028419
01028499
000020f4
00800000
01028419
000020ff
00800000
01028399
01028419
01028499
00002109
00800000
01028399
01028419
00002113
00800000
01028399
01028419
01028499
0000211d
00800000
01028419
01028499
00002127
00800000
01028399
01028419
00002131
00800000
01028399
01028414
01028419
01028499
0000213c
00800000
01028399
01028419
01028499
00002146
00800000
01028399
01028419
01028499
00002150
00800000
01028399
01028419
0000215a
00800000
01028419
00002164
00800000
01028419
01028499
0000216e
00800000
01028414
01028419
00002179
00800000
01028399
01028419
01028499
00002183
00800000
01028419
01028499
0000218d
00800000
01028419
01028499
00002197
00800000
01028399
01028419
01028499
000021a1
00800000
01028419
01028499
000021ab
00800000
01028419
000021ac
00800000
01028399
01028414
01028419
01028499
000021b6
00800000
01028419
000021c0
00800000
01028414
01028419
01028499
000021ca
00800000
01028414
01028419
01028499
000021d4
00800000
01028419
000021de
00800000
01028419
000021e8
00800000
01028399
01028419
000021e9
00800000
01028419
000021f3
00800000
01028419
01028499
000021fd
00800000
01028419
01028499
00002207
00800000
01028419
00002211
00800000
01028419
0000221b
00800000
01028419
01028499
00002226
00800000
01028419
00002230
00800000
01028419
01028499
0000223a
00800000
01028414
01028419
01028499
00002244
00800000
01028419
01028499
0000224e
00800000
01028419
00002258
00800000
01028399
01028419
01028499
00002263
00800000
01028419
01028499
0000226d
00800000
01028399
01028419
01028499
00002277
00800000
01028419
01028499
00002281
00800000
01028399
01028419
01028499
0000228b
00800000
01028399
01028419
01028499
00002295
00800000
01028419
01028499
000022a0
00800000
01028414
01028419
000022aa
00800000
01028419
01028499
000022b4
00800000
01028419
01028499
000022be
00800000
01028399
01028419
01028499
000022c8
00800000
01028399
01028419
01028499
000022d2
00800000
01028499
000022d3
00800000
01028419
000022dd
00800000
01028419
01028499
000022e7
00800000
01028419
01028499
000022f1
00800000
01028399
01028419
000022fb
00800000
01028419
01028499
00002305
00800000
01028399
01028419
0000230f
00800000
01028399
01028419
00002310
00800000
01028419
01028499
0000231a
00800000
01028419
00002324
00800000
01028414
01028419
01028499
0000232e
00800000
01028399
01028419
01028499
00002338
00800000
01028419
00002342
00800000
01028419
0000234c
00800000
01028419
01028499
0000234d
00800000
01028414
01028419
01028499
00002357
00800000
01028399
01028419
00002361
00800000
01028399
01028419
01028499
0000236b
00800000
01028419
01028499
00002375
00800000
01028399
01028419
01028499
0000237f
00800000
01028419
01028499
0000238a
00800000
01028419
01028499
00002394
00800000
01028419
0000239e
00800000
01028419
01028499
000023a8
00800000
01028399
01028419
000023b2
00800000
01028419
000023bc
00800000
01028419
01028499
000023c7
00800000
01028419
01028499
000023d1
00800000
01028419
01028499
000023db
00800000
01028399
01028419
01028499
000023e5
00800000
01028399
01028419
000023ef
00800000
01028414
01028419
01028499
000023f9
00800000
01028419
00002404
00800000
01028419
0000240e
00800000
01028399
01028419
01028499
00002418
00800000
01028419
00002422
00800000
01028419
01028499
0000242c
00800000
01028419
00002436
00800000
01028419
00002441
00800000
01028419
01028499
0000244b
00800000
01028399
01028419
01028499
00002455
00800000
01028419
01028499
0000245f
00800000
01028419
01028499
00002469
00800000
01028419
01028499
00002473
00800000
01028419
01028499
00002474
00800000
01028399
01028419
0000247e
00800000
01028419
00002488
00800000
01028414
01028419
01028499
00002492
00800000
01028399
01028419
01028499
0000249c
00800000
01028419
01028499
000024a6
00800000
01028419
01028499
000024b0
00800000
01028399
01028419
01028499
000024b1
00800000
01028399
01028419
01028499
000024bb
00800000
01028419
000024c5
00800000
01028419
01028499
000024cf
00800000
01028419
01028499
000024d9
00800000
01028399
01028419
01028499
000024e3
00800000
01028414
01028419
01028499
000024ee
00800000
01028419
01028499
000024f8
00800000
01028399
01028419
00002502
00800000
01028419
01028499
0000250c
00800000
01028399
01028419
01028499
00002516
00800000
01028419
00002520
00800000
01028419
01028499
0000252b
00800000
01028399
01028414
01028419
01028499
00002535
00800000
01028414
01028419
01028499
0000253f
00800000
01028399
01028419
01028499
00002549
00800000
01028419
01028499
00002553
00800000
01028414
01028419
01028499
0000255d
00800000
01028419
01028499
00002568
00800000
01028419
00002572
00800000
01028419
01028499
0000257c
00800000
01028419
01028499
00002586
00800000
01028419
01028499
00002590
00800000
01028419
0000259a
00800000
01028419
01028499
000025a5
00800000
01028419
000025af
00800000
01028419
01028499
000025b9
00800000
01028399
01028414
01028419
01028499
000025c3
00800000
01028419
01028499
000025cd
00800000
01028399
01028419
000025d7
00800000
01028399
01028419
000025d8
00800000
01028419
01028499
000025e2
00800000
01028419
01028499
000025ec
00800000
01028419
01028499
000025f6
00800000
01028419
00002600
00800000
01028414
01028419
0000260a
00800000
01028419
00002614
00800000
01028399
01028414
01028419
01028499
00002615
00800000
01028399
01028419
01028499
0000261f
00800000
01028399
01028419
00002629
00800000
01028399
01028419
01028499
00002633
00800000
01028419
01028499
0000263d
00800000
01028414
01028419
01028499
00002647
00800000
01028399
01028419
01028499
00002652
00800000
01028419
0000265c
00800000
01028399
01028414
01028419
01028499
00002666
00800000
01028399
01028419
00002670
00800000
01028419
01028499
0000267a
00800000
01028419
00002684
00800000
01028419
01028499
0000268f
00800000
01028419
01028499
00002699
00800000
01028399
01028419
000026a3
00800000
01028419
000026ad
00800000
01028399
01028414
01028419
01028499
000026b7
00800000
01028419
000026c1
00800000
01028399
01028419
01028499
000026cc
00800000
01028419
000026d6
00800000
01028419
000026e0
00800000
01028419
01028499
000026ea
00800000
01028419
01028499
000026f4
00800000
01028399
01028419
000026fe
00800000
01028419
01028499
