01028319
00000000
00800000
01028319
00000003
00800000
01028319
0000000d
00800000
01028319
0000000e
00800000
01028319
00000018
00800000
01028319
00000022
00800000
01028319
00000036
00800000
01028319
0000004b
00800000
01028319
00000069
00800000
01028319
00000073
00800000
01028319
0000007d
00800000
01028319
00000088
00800000
01028319
00000092
00800000
01028319
0000009c
00800000
01028319
000000a6
00800000
01028319
000000b0
00800000
01028319
000000ba
00800000
01028319
000000cf
00800000
01028319
000000d9
00800000
01028319
000000e3
00800000
01028319
000000ed
00800000
01028319
000000f7
00800000
01028319
00000102
00800000
01028319
0000010c
00800000
01028319
00000116
00800000
01028319
00000120
00800000
01028319
0000012a
00800000
01028319
00000134
00800000
01028319
0000013f
00800000
01028319
00000149
00800000
01028319
00000153
00800000
01028319
0000015d
00800000
01028319
0000017c
00800000
01028319
00000186
00800000
01028319
00000190
00800000
01028319
0000019a
00800000
01028319
000001a4
00800000
01028319
000001af
00800000
01028319
000001b9
00800000
01028319
000001c3
00800000
01028319
000001cd
00800000
01028319
000001d7
00800000
01028319
000001e1
00800000
01028319
000001ec
00800000
01028319
00000200
00800000
01028319
0000020a
00800000
01028319
00000214
00800000
01028319
0000021e
00800000
01028319
0000023d
00800000
01028319
00000247
00800000
01028319
00000251
00800000
01028319
0000025b
00800000
01028319
00000266
00800000
01028319
00000270
00800000
01028319
0000027a
00800000
01028319
00000284
00800000
01028319
0000028e
00800000
01028319
00000298
00800000
01028319
000002a3
00800000
01028319
000002ad
00800000
01028319
000002b7
00800000
01028319
000002c1
00800000
01028319
000002cb
00800000
01028319
000002f4
00800000
01028319
000002fe
00800000
01028319
00000313
00800000
01028319
0000031d
00800000
01028319
00000327
00800000
01028319
00000331
00800000
01028319
0000033b
00800000
01028319
00000350
00800000
01028319
0000035a
00800000
01028319
00000364
00800000
01028319
0000036e
00800000
01028319
00000378
00800000
01028319
00000382
00800000
01028319
00000397
00800000
01028319
000003ab
00800000
01028319
000003b5
00800000
01028319
000003bf
00800000
01028319
000003d4
00800000
01028319
000003fc
00800000
01028319
00000411
00800000
01028319
0000041b
00800000
01028319
00000425
00800000
01028319
0000042f
00800000
01028319
00000439
00800000
01028319
0000043a
00800000
01028319
0000044e
00800000
01028319
0000046c
00800000
01028319
00000477
00800000
01028319
00000481
00800000
01028319
0000048b
00800000
01028319
00000495
00800000
01028319
0000049f
00800000
01028319
000004a9
00800000
01028319
000004b4
00800000
01028319
000004be
00800000
01028319
000004d2
00800000
01028319
000004dc
00800000
01028319
000004e6
00800000
01028319
000004f1
00800000
01028319
000004fb
00800000
01028319
00000505
00800000
01028319
0000050f
00800000
01028319
00000519
00800000
01028319
00000523
00800000
01028319
0000052e
00800000
01028319
00000538
00800000
01028319
00000542
00800000
01028319
00000560
00800000
01028319
00000575
00800000
01028319
0000057f
00800000
01028319
00000589
00800000
01028319
0000059d
00800000
01028319
0000059e
00800000
01028319
000005b2
00800000
01028319
000005bc
00800000
01028319
000005db
00800000
01028319
000005e5
00800000
01028319
000005ef
00800000
01028319
0000060d
00800000
01028319
00000618
00800000
01028319
00000622
00800000
01028319
0000062c
00800000
01028319
00000636
00800000
01028319
00000640
00800000
01028319
0000064a
00800000
01028319
00000655
00800000
01028319
0000065f
00800000
01028319
00000673
00800000
01028319
00000692
00800000
01028319
0000069c
00800000
01028319
000006a6
00800000
01028319
000006b0
00800000
01028319
000006c4
00800000
01028319
000006cf
00800000
01028319
000006d9
00800000
01028319
000006e3
00800000
01028319
000006f7
00800000
01028319
00000701
00800000
01028319
0000070c
00800000
01028319
00000716
00800000
01028319
00000720
00800000
01028319
0000072a
00800000
01028319
00000734
00800000
01028319
0000073e
00800000
01028319
0000073f
00800000
01028319
00000749
00800000
01028319
00000753
00800000
01028319
00000767
00800000
01028319
00000771
00800000
01028319
0000077c
00800000
01028319
00000786
00800000
01028319
00000790
00800000
01028319
0000079a
00800000
01028319
000007a4
00800000
01028319
000007ae
00800000
01028319
000007b9
00800000
01028319
000007c3
00800000
01028319
000007cd
00800000
01028319
000007d7
00800000
01028319
000007e1
00800000
01028319
000007eb
00800000
01028319
000007f6
00800000
01028319
00000800
00800000
01028319
0000080a
00800000
01028319
00000814
00800000
01028319
0000081e
00800000
01028319
00000828
00800000
01028319
00000833
00800000
01028319
0000083d
00800000
01028319
00000847
00800000
01028319
00000851
00800000
01028319
0000085b
00800000
01028319
00000865
00800000
01028319
00000866
00800000
01028319
00000870
00800000
01028319
0000087a
00800000
01028319
00000884
00800000
01028319
0000088e
00800000
01028319
00000898
00800000
01028319
000008a2
00800000
01028319
000008a3
00800000
01028319
000008ad
00800000
01028319
000008b7
00800000
01028319
000008c1
00800000
01028319
000008cb
00800000
01028319
000008ea
00800000
01028319
000008f4
00800000
01028319
000008fe
00800000
01028319
00000908
00800000
01028319
0000091d
00800000
01028319
00000927
00800000
01028319
0000093b
00800000
01028319
00000945
00800000
01028319
0000095a
00800000
01028319
00000964
00800000
01028319
00000982
00800000
01028319
0000098c
00800000
01028319
00000997
00800000
01028319
000009a1
00800000
01028319
000009ab
00800000
01028319
000009bf
00800000
01028319
000009c9
00800000
01028319
000009d4
00800000
01028319
000009de
00800000
01028319
000009f2
00800000
01028319
000009fc
00800000
01028319
00000a11
00800000
01028319
00000a1b
00800000
01028319
00000a2f
00800000
01028319
00000a39
00800000
01028319
00000a44
00800000
01028319
00000a4e
00800000
01028319
00000a58
00800000
01028319
00000a62
00800000
01028319
00000a76
00800000
01028319
00000a81
00800000
01028319
00000a8b
00800000
01028319
00000a9f
00800000
01028319
00000aa9
00800000
01028319
00000ab3
00800000
01028319
00000abe
00800000
01028319
00000ac8
00800000
01028319
00000adc
00800000
01028319
00000ae6
00800000
01028319
00000af0
00800000
01028319
00000afb
00800000
01028319
00000b0f
00800000
01028319
00000b19
00800000
01028319
00000b23
00800000
01028319
00000b2d
00800000
01028319
00000b2e
00800000
01028319
00000b38
00800000
01028319
00000b4c
00800000
01028319
00000b56
00800000
01028319
00000b60
00800000
01028319
00000b6a
00800000
01028319
00000b6b
00800000
01028319
00000b75
00800000
01028319
00000b7f
00800000
01028319
00000b89
00800000
01028319
00000b93
00800000
01028319
00000b9d
00800000
01028319
00000ba8
00800000
01028319
00000bc6
00800000
01028319
00000bd0
00800000
01028319
00000bda
00800000
01028319
00000bef
00800000
01028319
00000bf9
00800000
01028319
00000c03
00800000
01028319
00000c0d
00800000
01028319
00000c17
00800000
01028319
00000c22
00800000
01028319
00000c2c
00800000
01028319
00000c36
00800000
01028319
00000c40
00800000
01028319
00000c4a
00800000
01028319
00000c54
00800000
01028319
00000c5f
00800000
01028319
00000c73
00800000
01028319
00000c7d
00800000
01028319
00000c87
00800000
01028319
00000c91
00800000
01028319
00000ca6
00800000
01028319
00000cb0
00800000
01028319
00000cba
00800000
01028319
00000cc4
00800000
01028319
00000cce
00800000
01028319
00000ccf
00800000
01028319
00000cd9
00800000
01028319
00000ce3
00800000
01028319
00000ced
00800000
01028319
00000cf7
00800000
01028319
00000d0c
00800000
01028319
00000d20
00800000
01028319
00000d2a
00800000
01028319
00000d3e
00800000
01028319
00000d49
00800000
01028319
00000d53
00800000
01028319
00000d5d
00800000
01028319
00000d71
00800000
01028319
00000d7b
00800000
01028319
00000d86
00800000
01028319
00000d90
00800000
01028319
00000d9a
00800000
01028319
00000da4
00800000
01028319
00000dae
00800000
01028319
00000dcd
00800000
01028319
00000dd7
00800000
01028319
00000de1
00800000
01028319
00000e0a
00800000
01028319
00000e14
00800000
01028319
00000e1e
00800000
01028319
00000e28
00800000
01028319
00000e32
00800000
01028319
00000e33
00800000
01028319
00000e3d
00800000
01028319
00000e47
00800000
01028319
00000e51
00800000
01028319
00000e65
00800000
01028319
00000e70
00800000
01028319
00000e7a
00800000
01028319
00000e84
00800000
01028319
00000e8e
00800000
01028319
00000e98
00800000
01028319
00000ea2
00800000
01028319
00000ec1
00800000
01028319
00000ecb
00800000
01028319
00000edf
00800000
01028319
00000eea
00800000
01028319
00000ef4
00800000
01028319
00000efe
00800000
01028319
00000f08
00800000
01028319
00000f12
00800000
01028319
00000f1c
00800000
01028319
00000f31
00800000
01028319
00000f3b
00800000
01028319
00000f45
00800000
01028319
00000f4f
00800000
01028319
00000f59
00800000
01028319
00000f64
00800000
01028319
00000f78
00800000
01028319
00000f82
00800000
01028319
00000f8c
00800000
01028319
00000fa1
00800000
01028319
00000fab
00800000
01028319
00000fb5
00800000
01028319
00000fc9
00800000
01028319
00000fd4
00800000
01028319
00000fde
00800000
01028319
00000fe8
00800000
01028319
00000ff2
00800000
01028319
00000ffc
00800000
01028319
00001006
00800000
01028319
00001011
00800000
01028319
0000101b
00800000
01028319
00001039
00800000
01028319
00001043
00800000
01028319
00001058
00800000
01028319
0000106c
00800000
01028319
00001080
00800000
01028319
0000108b
00800000
01028319
00001095
00800000
01028319
0000109f
00800000
01028319
000010a9
00800000
01028319
000010b3
00800000
01028319
000010c8
00800000
01028319
000010d2
00800000
01028319
000010dc
00800000
01028319
000010e6
00800000
01028319
00001105
00800000
01028319
0000110f
00800000
01028319
00001119
00800000
01028319
00001123
00800000
01028319
0000112d
00800000
01028319
00001138
00800000
01028319
00001142
00800000
01028319
0000114c
00800000
01028319
00001156
00800000
01028319
00001160
00800000
01028319
0000116a
00800000
01028319
00001175
00800000
01028319
0000117f
00800000
01028319
0000119d
00800000
01028319
000011a7
00800000
01028319
000011bc
00800000
01028319
000011d0
00800000
01028319
000011da
00800000
01028319
000011e4
00800000
01028319
000011ef
00800000
01028319
000011f9
00800000
01028319
00001203
00800000
01028319
0000120d
00800000
01028319
00001217
00800000
01028319
00001221
00800000
01028319
00001222
00800000
01028319
0000122c
00800000
01028319
00001236
00800000
01028319
00001240
00800000
01028319
0000124a
00800000
01028319
00001254
00800000
01028319
00001269
00800000
01028319
00001273
00800000
01028319
0000127d
00800000
01028319
00001287
00800000
01028319
0000129c
00800000
01028319
000012b0
00800000
01028319
000012ba
00800000
01028319
000012c4
00800000
01028319
000012ce
00800000
01028319
000012d9
00800000
01028319
000012e3
00800000
01028319
000012ed
00800000
01028319
000012f7
00800000
01028319
00001301
00800000
01028319
0000130b
00800000
01028319
00001316
00800000
01028319
00001320
00800000
01028319
0000132a
00800000
01028319
00001334
00800000
01028319
0000133e
00800000
01028319
00001348
00800000
01028319
00001353
00800000
01028319
00001367
00800000
01028319
00001371
00800000
01028319
0000137b
00800000
01028319
00001385
00800000
01028319
00001390
00800000
01028319
0000139a
00800000
01028319
000013a4
00800000
01028319
000013ae
00800000
01028319
000013b8
00800000
01028319
000013c2
00800000
01028319
000013c3
00800000
01028319
000013d7
00800000
01028319
000013e1
00800000
01028319
000013eb
00800000
01028319
000013f5
00800000
01028319
00001400
00800000
01028319
0000140a
00800000
01028319
00001414
00800000
01028319
0000141e
00800000
01028319
00001428
00800000
01028319
00001432
00800000
01028319
0000143d
00800000
01028319
00001447
00800000
01028319
0000145b
00800000
01028319
00001465
00800000
01028319
0000146f
00800000
01028319
0000147a
00800000
01028319
00001484
00800000
01028319
0000148e
00800000
01028319
00001498
00800000
01028319
000014ac
00800000
01028319
000014c1
00800000
01028319
000014cb
00800000
01028319
000014d5
00800000
01028319
000014df
00800000
01028319
000014e9
00800000
01028319
000014f4
00800000
01028319
000014fe
00800000
01028319
00001508
00800000
01028319
00001512
00800000
01028319
0000151c
00800000
01028319
0000153b
00800000
01028319
00001545
00800000
01028319
0000154f
00800000
01028319
00001559
00800000
01028319
00001564
00800000
01028319
0000156e
00800000
01028319
00001578
00800000
01028319
00001582
00800000
01028319
0000158c
00800000
01028319
00001596
00800000
01028319
000015a1
00800000
01028319
000015ab
00800000
01028319
000015b5
00800000
01028319
000015bf
00800000
01028319
000015c9
00800000
01028319
000015d3
00800000
01028319
000015de
00800000
01028319
000015e8
00800000
01028319
00001606
00800000
01028319
00001610
00800000
01028319
0000161b
00800000
01028319
00001625
00800000
01028319
0000162f
00800000
01028319
00001639
00800000
01028319
00001643
00800000
01028319
0000164d
00800000
01028319
00001658
00800000
01028319
00001662
00800000
01028319
0000166c
00800000
01028319
00001676
00800000
01028319
00001680
00800000
01028319
0000168a
00800000
01028319
0000168b
00800000
01028319
00001695
00800000
01028319
0000169f
00800000
01028319
000016a9
00800000
01028319
000016b3
00800000
01028319
000016bd
00800000
01028319
000016c8
00800000
01028319
000016d2
00800000
01028319
000016e6
00800000
01028319
000016f0
00800000
01028319
000016fa
00800000
01028319
00001705
00800000
01028319
0000170f
00800000
01028319
00001723
00800000
01028319
0000172d
00800000
01028319
00001737
00800000
01028319
00001742
00800000
01028319
0000174c
00800000
01028319
00001760
00800000
01028319
0000176a
00800000
01028319
0000177f
00800000
01028319
00001789
00800000
01028319
0000179d
00800000
01028319
000017b1
00800000
01028319
000017bc
00800000
01028319
000017c6
00800000
01028319
000017d0
00800000
01028319
000017da
00800000
01028319
000017e4
00800000
01028319
000017ee
00800000
01028319
000017ef
00800000
01028319
000017f9
00800000
01028319
0000180d
00800000
01028319
00001821
00800000
01028319
0000182b
00800000
01028319
0000182c
00800000
01028319
00001836
00800000
01028319
00001840
00800000
01028319
0000184a
00800000
01028319
00001854
00800000
01028319
0000185e
00800000
01028319
00001869
00800000
01028319
00001873
00800000
01028319
0000187d
00800000
01028319
00001887
00800000
01028319
00001891
00800000
01028319
000018b0
00800000
01028319
000018ba
00800000
01028319
000018c4
00800000
01028319
000018ce
00800000
01028319
000018d8
00800000
01028319
000018e3
00800000
01028319
000018ed
00800000
01028319
000018f7
00800000
01028319
00001901
00800000
01028319
0000190b
00800000
01028319
0000192a
00800000
01028319
00001934
00800000
01028319
0000193e
00800000
01028319
00001948
00800000
01028319
00001952
00800000
01028319
00001953
00800000
01028319
0000195d
00800000
01028319
00001967
00800000
01028319
00001971
00800000
01028319
0000197b
00800000
01028319
00001985
00800000
01028319
00001990
00800000
01028319
000019a4
00800000
01028319
000019ae
00800000
01028319
000019b8
00800000
01028319
000019c2
00800000
01028319
000019d7
00800000
01028319
000019e1
00800000
01028319
000019eb
00800000
01028319
000019f5
00800000
01028319
000019ff
00800000
01028319
00001a0a
00800000
01028319
00001a14
00800000
01028319
00001a1e
00800000
01028319
00001a28
00800000
01028319
00001a32
00800000
01028319
00001a3c
00800000
01028319
00001a47
00800000
01028319
00001a51
00800000
01028319
00001a5b
00800000
01028319
00001a65
00800000
01028319
00001a6f
00800000
01028319
00001a79
00800000
01028319
00001a84
00800000
01028319
00001a8e
00800000
01028319
00001a98
00800000
01028319
00001aa2
00800000
01028319
00001aac
00800000
01028319
00001ab6
00800000
01028319
00001ab7
00800000
01028319
00001ac1
00800000
01028319
00001acb
00800000
01028319
00001ad5
00800000
01028319
00001adf
00800000
01028319
00001ae9
00800000
01028319
00001afe
00800000
01028319
00001b1c
00800000
01028319
00001b26
00800000
01028319
00001b31
00800000
01028319
00001b3b
00800000
01028319
00001b59
00800000
01028319
00001b63
00800000
01028319
00001b78
00800000
01028319
00001b82
00800000
01028319
00001b8c
00800000
01028319
00001b96
00800000
01028319
00001bab
00800000
01028319
00001bb5
00800000
01028319
00001bbf
00800000
01028319
00001bc9
00800000
01028319
00001bdd
00800000
01028319
00001be8
00800000
01028319
00001bf2
00800000
01028319
00001bfc
00800000
01028319
00001c06
00800000
01028319
00001c1a
00800000
01028319
00001c1b
00800000
01028319
00001c25
00800000
01028319
00001c39
00800000
01028319
00001c43
00800000
01028319
00001c4d
00800000
01028319
00001c58
00800000
01028319
00001c62
00800000
01028319
00001c6c
00800000
01028319
00001c76
00800000
01028319
00001c80
00800000
01028319
00001c95
00800000
01028319
00001ca9
00800000
01028319
00001cbd
00800000
01028319
00001cc7
00800000
01028319
00001cd2
00800000
01028319
00001cdc
00800000
01028319
00001ce6
00800000
01028319
00001cf0
00800000
01028319
00001cfa
00800000
01028319
00001d04
00800000
01028319
00001d19
00800000
01028319
00001d23
00800000
01028319
00001d41
00800000
01028319
00001d4c
00800000
01028319
00001d56
00800000
01028319
00001d6a
00800000
01028319
00001d89
00800000
01028319
00001d93
00800000
01028319
00001d9d
00800000
01028319
00001da7
00800000
01028319
00001db1
00800000
01028319
00001dbb
00800000
01028319
00001dbc
00800000
01028319
00001dc6
00800000
01028319
00001dd0
00800000
01028319
00001de4
00800000
01028319
00001e03
00800000
01028319
00001e0d
00800000
01028319
00001e17
00800000
01028319
00001e2b
00800000
01028319
00001e36
00800000
01028319
00001e40
00800000
01028319
00001e4a
00800000
01028319
00001e54
00800000
01028319
00001e5e
00800000
01028319
00001e68
00800000
01028319
00001e73
00800000
01028319
00001e7d
00800000
01028319
00001e87
00800000
01028319
00001e91
00800000
01028319
00001e9b
00800000
01028319
00001ea5
00800000
01028319
00001eb0
00800000
01028319
00001eba
00800000
01028319
00001ec4
00800000
01028319
00001ece
00800000
01028319
00001ed8
00800000
01028319
00001ee2
00800000
01028319
00001ee3
00800000
01028319
00001f01
00800000
01028319
00001f15
00800000
01028319
00001f1f
00800000
01028319
00001f20
00800000
01028319
00001f2a
00800000
01028319
00001f48
00800000
01028319
00001f52
00800000
01028319
00001f5d
00800000
01028319
00001f71
00800000
01028319
00001f7b
00800000
01028319
00001f8f
00800000
01028319
00001fa4
00800000
01028319
00001fae
00800000
01028319
00001fb8
00800000
01028319
00001fc2
00800000
01028319
00001fd7
00800000
01028319
00001fe1
00800000
01028319
00001feb
00800000
01028319
00001fff
00800000
01028319
00002009
00800000
01028319
00002014
00800000
01028319
0000201e
00800000
01028319
00002032
00800000
01028319
00002051
00800000
01028319
0000205b
00800000
01028319
00002065
00800000
01028319
0000206f
00800000
01028319
00002079
00800000
01028319
00002083
00800000
01028319
00002084
00800000
01028319
0000208e
00800000
01028319
000020a2
00800000
01028319
000020ac
00800000
01028319
000020b6
00800000
01028319
000020c1
00800000
01028319
000020cb
00800000
01028319
000020d5
00800000
01028319
000020df
00800000
01028319
000020e9
00800000
01028319
000020f3
00800000
01028319
000020fe
00800000
01028319
0000211c
00800000
01028319
00002126
00800000
01028319
00002130
00800000
01028319
0000213b
00800000
01028319
0000214f
00800000
01028319
00002159
00800000
01028319
00002163
00800000
01028319
0000216d
00800000
01028319
00002178
00800000
01028319
0000218c
00800000
01028319
000021a0
00800000
01028319
000021aa
00800000
01028319
000021ab
00800000
01028319
000021b5
00800000
01028319
000021bf
00800000
01028319
000021c9
00800000
01028319
000021dd
00800000
01028319
000021e7
00800000
01028319
000021e8
00800000
01028319
000021f2
00800000
01028319
000021fc
00800000
01028319
00002206
00800000
01028319
00002225
00800000
01028319
0000222f
00800000
01028319
00002239
00800000
01028319
00002243
00800000
01028319
0000224d
00800000
01028319
00002257
00800000
01028319
0000226c
00800000
01028319
00002276
00800000
01028319
00002280
00800000
01028319
0000229f
00800000
01028319
000022a9
00800000
01028319
000022b3
00800000
01028319
000022bd
00800000
01028319
000022c7
00800000
01028319
000022d1
00800000
01028319
000022dc
00800000
01028319
000022e6
00800000
01028319
000022f0
00800000
01028319
000022fa
00800000
01028319
00002304
00800000
01028319
0000230e
00800000
01028319
00002319
00800000
01028319
00002323
00800000
01028319
0000232d
00800000
01028319
00002337
00800000
01028319
00002341
00800000
01028319
0000234b
00800000
01028319
0000234c
00800000
01028319
0000236a
00800000
01028319
00002374
00800000
01028319
0000237e
00800000
01028319
00002389
00800000
01028319
00002393
00800000
01028319
0000239d
00800000
01028319
000023a7
00800000
01028319
000023b1
00800000
01028319
000023bb
00800000
01028319
000023c6
00800000
01028319
000023d0
00800000
01028319
000023e4
00800000
01028319
000023f8
00800000
01028319
0000240d
00800000
01028319
00002421
00800000
01028319
0000242b
00800000
01028319
00002435
00800000
01028319
00002440
00800000
01028319
0000244a
00800000
01028319
00002454
00800000
01028319
0000245e
00800000
01028319
00002468
00800000
01028319
0000247d
00800000
01028319
00002487
00800000
01028319
00002491
00800000
01028319
0000249b
00800000
01028319
000024a5
00800000
01028319
000024ba
00800000
01028319
000024ce
00800000
01028319
000024d8
00800000
01028319
000024e2
00800000
01028319
000024ed
00800000
01028319
000024f7
00800000
01028319
00002501
00800000
01028319
0000250b
00800000
01028319
0000251f
00800000
01028319
0000252a
00800000
01028319
00002534
00800000
01028319
00002548
00800000
01028319
00002552
00800000
01028319
0000255c
00800000
01028319
00002567
00800000
01028319
00002571
00800000
01028319
0000257b
00800000
01028319
00002585
00800000
01028319
00002599
00800000
01028319
000025a4
00800000
01028319
000025ae
00800000
01028319
000025b8
00800000
01028319
000025c2
00800000
01028319
000025cc
00800000
01028319
000025d6
00800000
01028319
000025d7
00800000
01028319
000025e1
00800000
01028319
000025eb
00800000
01028319
000025f5
00800000
01028319
000025ff
00800000
01028319
00002609
00800000
01028319
00002613
00800000
01028319
00002614
00800000
01028319
0000261e
00800000
01028319
00002628
00800000
01028319
00002632
00800000
01028319
00002646
00800000
01028319
00002651
00800000
01028319
0000265b
00800000
01028319
00002665
00800000
01028319
0000266f
00800000
01028319
00002679
00800000
01028319
0000268e
00800000
01028319
00002698
00800000
01028319
000026a2
00800000
01028319
000026ac
00800000
01028319
000026b6
00800000
01028319
000026c0
00800000
01028319
000026df
00800000
01028319
000026e9
00800000
01028319
000026f3
00800000
01028319
000026fd
00800000
01028319
