010057b2
01005836
010058b2
01028399
01028414
01028419
01028499
00000000
00800000
01028399
01028419
01028499
00000007
00800000
01028419
00000011
00800000
01028399
01028414
01028419
01028499
0000001b
00800000
01028419
01028499
00000025
00800000
01028419
01028499
0000002f
00800000
01028419
0000003a
00800000
01028419
00000044
00800000
01028419
01028499
0000004e
00800000
01028419
01028499
00000058
00800000
01028399
01028419
01028499
00000062
00800000
01028414
01028419
01028499
0000006c
00800000
01028419
00000077
00800000
01028399
01028419
01028499
00000081
00800000
01028419
01028499
0000008b
00800000
01028419
01028499
00000095
00800000
01028419
01028499
0000009f
00800000
01028419
01028499
000000a9
00800000
01028419
01028499
000000b4
00800000
01028419
01028499
000000be
00800000
01028419
01028499
000000c8
00800000
01028399
01028419
01028499
000000d2
00800000
01028399
01028419
01028499
000000dc
00800000
01028419
01028499
000000e6
00800000
01028419
01028499
000000e7
00800000
01028399
01028419
01028499
000000f1
00800000
01028399
01028419
01028499
000000fb
00800000
01028419
00000105
00800000
01028399
01028419
01028499
0000010f
00800000
01028419
01028499
00000119
00800000
01028419
01028499
00000123
00800000
01028419
01028499
00000124
00800000
01028399
01028419
01028499
0000012e
00800000
01028419
01028499
00000138
00800000
01028419
01028499
00000142
00800000
01028419
01028499
0000014c
00800000
01028419
01028499
00000156
00800000
01028419
01028499
00000161
00800000
01028419
01028499
0000016b
00800000
01028419
01028499
00000175
00800000
01028419
01028499
0000017f
00800000
01028399
01028419
01028499
00000189
00800000
01028399
01028419
01028499
00000193
00800000
01028419
0000019e
00800000
01028419
01028499
000001a8
00800000
01028399
01028419
01028499
000001b2
00800000
01028419
01028499
000001bc
00800000
01028419
01028499
000001c6
00800000
01028419
01028499
000001d0
00800000
01028419
01028499
000001db
00800000
01028399
01028419
01028499
000001e5
00800000
01028419
01028499
000001ef
00800000
01028419
01028499
000001f9
00800000
01028399
01028419
01028499
00000203
00800000
01028399
01028419
0000020d
00800000
01028399
01028419
00000218
00800000
01028419
00000222
00800000
01028419
01028499
0000022c
00800000
01028419
01028499
00000236
00800000
01028399
01028419
01028499
00000240
00800000
01028399
01028419
0000024a
00800000
01028399
01028419
0000024b
00800000
01028399
01028419
00000255
00800000
01028399
01028419
01028499
0000025f
00800000
01028419
00000269
00800000
01028419
01028499
00000273
00800000
01028419
01028499
0000027d
00800000
01028419
00000287
00800000
01028419
01028499
00000288
00800000
01028419
01028499
00000292
00800000
01028419
01028499
0000029c
00800000
01028419
01028499
000002a6
00800000
01028399
01028419
01028499
000002b0
00800000
01028399
01028419
000002ba
00800000
01028419
01028499
000002c5
00800000
01028419
000002cf
00800000
01028399
01028419
01028499
000002d9
00800000
01028419
000002e3
00800000
01028399
01028419
01028499
000002ed
00800000
01028419
01028499
000002f7
00800000
01028399
01028419
00000302
00800000
01028399
01028419
01028499
0000030c
00800000
01028419
01028499
00000316
00800000
01028419
00000320
00800000
01028419
01028499
0000032a
00800000
01028399
01028419
00000334
00800000
01028399
01028419
01028499
0000033f
00800000
01028414
01028419
01028499
00000349
00800000
01028399
01028419
01028499
00000353
00800000
01028399
01028419
0000035d
00800000
01028419
01028499
00000367
00800000
01028419
00000371
00800000
01028399
01028419
01028499
0000037c
00800000
01028419
00000386
00800000
01028399
01028419
01028499
00000390
00800000
01028419
0000039a
00800000
01028419
000003a4
00800000
01028399
01028419
01028499
000003ae
00800000
01028399
01028419
01028499
000003af
00800000
01028399
01028419
01028499
000003b9
00800000
01028419
000003c3
00800000
01028399
01028414
01028419
01028499
000003cd
00800000
01028419
000003d7
00800000
01028419
01028499
000003e1
00800000
01028419
01028499
000003eb
00800000
01028419
01028499
000003ec
00800000
01028399
01028419
000003f6
00800000
01028419
00000400
00800000
01028419
0000040a
00800000
01028399
01028419
01028499
00000414
00800000
01028419
01028499
0000041e
00800000
01028399
01028419
01028499
00000429
00800000
01028419
01028499
00000433
00800000
01028419
0000043d
00800000
01028419
00000447
00800000
01028419
01028499
00000451
00800000
01028399
01028419
0000045b
00800000
01028419
01028499
00000466
00800000
01028419
00000470
00800000
01028419
01028499
0000047a
00800000
01028419
01028499
00000484
00800000
01028419
01028499
0000048e
00800000
01028419
01028499
00000498
00800000
01028419
000004a3
00800000
01028399
01028419
000004ad
00800000
01028419
01028499
000004b7
00800000
01028419
01028499
000004c1
00800000
01028419
000004cb
00800000
01028419
01028499
000004d5
00800000
01028399
01028419
01028499
000004e0
00800000
01028399
01028419
01028499
000004ea
00800000
01028399
01028419
01028499
000004f4
00800000
01028419
01028499
000004fe
00800000
01028419
01028499
00000508
00800000
01028419
01028499
00000512
00800000
01028419
01028499
00000513
00800000
01028399
01028419
01028499
0000051d
00800000
01028419
01028499
00000527
00800000
01028419
01028499
00000531
00800000
01028399
01028419
01028499
0000053b
00800000
01028419
01028499
00000545
00800000
01028419
01028499
0000054f
00800000
01028399
01028419
01028499
00000550
00800000
01028399
01028419
01028499
0000055a
00800000
01028419
01028499
00000564
00800000
01028419
0000056e
00800000
01028399
01028419
00000578
00800000
01028399
01028419
00000582
00800000
01028419
01028499
0000058d
00800000
01028399
01028419
01028499
00000597
00800000
01028419
01028499
000005a1
00800000
01028399
01028419
01028499
000005ab
00800000
01028399
01028419
01028499
000005b5
00800000
01028419
01028499
000005bf
00800000
01028399
01028419
000005ca
00800000
01028419
01028499
000005d4
00800000
01028399
01028419
000005de
00800000
01028399
01028419
01028499
000005e8
00800000
01028419
000005f2
00800000
01028419
000005fc
00800000
01028399
01028419
01028499
00000607
00800000
01028399
01028419
00000611
00800000
01028419
01028499
0000061b
00800000
01028399
01028419
01028499
00000625
00800000
01028399
01028419
01028499
0000062f
00800000
01028399
01028419
00000639
00800000
01028399
01028419
00000644
00800000
01028419
01028499
0000064e
00800000
01028399
01028419
01028499
00000658
00800000
01028399
01028419
00000662
00800000
01028419
0000066c
00800000
01028419
01028499
00000676
00800000
01028419
01028499
00000677
00800000
01028399
01028419
01028499
00000681
00800000
01028399
01028419
01028499
0000068b
00800000
01028399
01028419
00000695
00800000
01028419
0000069f
00800000
01028419
01028499
000006a9
00800000
01028399
01028419
01028499
000006b3
00800000
01028399
01028419
01028499
000006b4
00800000
01028419
01028499
000006be
00800000
01028399
01028419
01028499
000006c8
00800000
01028399
01028414
01028419
01028499
000006d2
00800000
01028414
01028419
000006dc
00800000
01028419
01028499
000006e6
00800000
01028419
000006f1
00800000
01028399
01028419
000006fb
00800000
01028399
01028419
00000705
00800000
01028399
01028419
01028499
0000070f
00800000
01028414
01028419
00000719
00800000
01028419
00000723
00800000
01028419
01028499
0000072e
00800000
01028419
01028499
00000738
00800000
01028419
00000742
00800000
01028419
01028499
0000074c
00800000
01028419
01028499
00000756
00800000
01028399
01028414
01028419
01028499
00000760
00800000
01028419
01028499
0000076b
00800000
01028399
01028419
00000775
00800000
01028419
01028499
0000077f
00800000
01028419
01028499
00000789
00800000
01028419
01028499
00000793
00800000
01028399
01028419
01028499
0000079d
00800000
01028399
01028419
000007a8
00800000
01028419
01028499
000007b2
00800000
01028399
01028419
01028499
000007bc
00800000
01028419
01028499
000007c6
00800000
01028399
01028419
01028499
000007d0
00800000
01028399
01028419
000007da
00800000
01028399
01028419
000007db
00800000
01028419
000007e5
00800000
01028399
01028419
000007ef
00800000
01028419
000007f9
00800000
01028419
00000803
00800000
01028399
01028419
01028499
0000080d
00800000
01028419
01028499
00000817
00800000
01028419
01028499
00000818
00800000
01028419
01028499
00000822
00800000
01028419
01028499
0000082c
00800000
01028419
01028499
00000836
00800000
01028419
01028499
00000840
00800000
01028419
01028499
0000084a
00800000
01028419
01028499
00000855
00800000
01028419
01028499
0000085f
00800000
01028419
01028499
00000869
00800000
01028399
01028419
01028499
00000873
00800000
01028399
01028419
01028499
0000087d
00800000
01028419
01028499
00000887
00800000
01028419
01028499
00000892
00800000
01028399
01028419
01028499
0000089c
00800000
01028419
01028499
000008a6
00800000
01028419
01028499
000008b0
00800000
01028419
01028499
000008ba
00800000
01028399
01028419
01028499
000008c4
00800000
01028419
01028499
000008cf
00800000
01028419
000008d9
00800000
01028399
01028419
01028499
000008e3
00800000
01028419
000008ed
00800000
01028419
01028499
000008f7
00800000
01028419
01028499
00000901
00800000
01028419
0000090c
00800000
01028419
00000916
00800000
01028399
01028419
00000920
00800000
01028419
0000092a
00800000
01028399
01028419
01028499
00000934
00800000
01028399
01028419
01028499
0000093e
00800000
01028399
01028419
01028499
0000093f
00800000
01028419
01028499
00000949
00800000
01028419
01028499
00000953
00800000
01028399
01028419
01028499
0000095d
00800000
01028419
01028499
00000967
00800000
01028399
01028419
01028499
00000971
00800000
01028419
01028499
0000097b
00800000
01028399
01028419
01028499
0000097c
00800000
01028399
01028419
00000986
00800000
01028419
00000990
00800000
01028419
01028499
0000099a
00800000
01028419
01028499
000009a4
00800000
01028419
01028499
000009ae
00800000
01028419
01028499
000009b9
00800000
01028419
000009c3
00800000
01028399
01028419
01028499
000009cd
00800000
01028399
01028419
01028499
000009d7
00800000
01028399
01028419
000009e1
00800000
01028419
000009eb
00800000
01028419
01028499
000009f6
00800000
01028419
01028499
00000a00
00800000
01028399
01028419
01028499
00000a0a
00800000
01028419
01028499
00000a14
00800000
01028399
01028419
00000a1e
00800000
01028419
01028499
00000a28
00800000
01028419
01028499
00000a33
00800000
01028399
01028419
01028499
00000a3d
00800000
01028419
00000a47
00800000
01028414
01028419
01028499
00000a51
00800000
01028399
01028419
01028499
00000a5b
00800000
01028399
01028419
00000a65
00800000
01028419
01028499
00000a70
00800000
01028399
01028419
01028499
00000a7a
00800000
01028419
01028499
00000a84
00800000
01028419
01028499
00000a8e
00800000
01028419
00000a98
00800000
01028399
01028419
01028499
00000aa2
00800000
01028399
01028419
01028499
00000aa3
00800000
01028399
01028419
01028499
00000aad
00800000
01028399
01028419
01028499
00000ab7
00800000
01028419
01028499
00000ac1
00800000
01028419
00000acb
00800000
01028399
01028419
01028499
00000ad5
00800000
01028419
00000adf
00800000
01028419
00000ae0
00800000
01028399
01028419
00000aea
00800000
01028419
01028499
00000af4
00800000
01028399
01028419
01028499
00000afe
00800000
01028399
01028419
00000b08
00800000
01028419
00000b12
00800000
01028419
01028499
00000b1d
00800000
01028399
01028419
01028499
00000b27
00800000
01028399
01028419
00000b31
00800000
01028419
01028499
00000b3b
00800000
01028399
01028419
01028499
00000b45
00800000
01028419
01028499
00000b4f
00800000
01028419
01028499
00000b5a
00800000
01028419
00000b64
00800000
01028419
00000b6e
00800000
01028419
01028499
00000b78
00800000
01028399
01028419
00000b82
00800000
01028419
00000b8c
00800000
01028419
01028499
00000b97
00800000
01028399
01028419
00000ba1
00800000
01028419
01028499
00000bab
00800000
01028419
01028499
00000bb5
00800000
01028399
01028419
01028499
00000bbf
00800000
01028399
01028419
01028499
00000bc9
00800000
01028419
00000bd4
00800000
01028399
01028419
01028499
00000bde
00800000
01028399
01028419
01028499
00000be8
00800000
01028419
01028499
00000bf2
00800000
01028419
01028499
00000bfc
00800000
01028399
01028419
01028499
00000c06
00800000
01028399
01028419
01028499
00000c07
00800000
01028419
01028499
00000c11
00800000
01028419
01028499
00000c1b
00800000
01028399
01028419
01028499
00000c25
00800000
01028399
01028419
00000c2f
00800000
01028399
01028419
00000c39
00800000
01028419
01028499
00000c43
00800000
01028419
01028499
00000c44
00800000
01028399
01028419
00000c4e
00800000
01028419
00000c58
00800000
01028399
01028419
01028499
00000c62
00800000
01028419
00000c6c
00800000
01028419
00000c76
00800000
01028419
00000c80
00800000
01028419
00000c81
00800000
01028419
01028499
00000c8b
00800000
01028399
01028419
01028499
00000c95
00800000
01028399
01028419
01028499
00000c9f
00800000
01028399
01028419
00000ca9
00800000
01028399
01028419
01028499
00000cb3
00800000
01028419
01028499
00000cbe
00800000
01028419
00000cc8
00800000
01028419
00000cd2
00800000
01028399
01028419
01028499
00000cdc
00800000
01028399
01028419
00000ce6
00800000
01028419
01028499
00000cf0
00800000
01028399
01028419
00000cfb
00800000
01028419
01028499
00000d05
00800000
01028419
01028499
00000d0f
00800000
01028419
00000d19
00800000
01028419
01028499
00000d23
00800000
01028419
00000d2d
00800000
01028399
01028419
00000d38
00800000
01028419
00000d42
00800000
01028419
01028499
00000d4c
00800000
01028419
00000d56
00800000
01028419
01028499
00000d60
00800000
01028419
01028499
00000d6a
00800000
01028419
00000d6b
00800000
01028419
01028499
00000d75
00800000
01028399
01028419
00000d7f
00800000
01028399
01028419
01028499
00000d89
00800000
01028419
00000d93
00800000
01028419
01028499
00000d9d
00800000
01028399
01028419
01028499
00000da7
00800000
01028399
01028419
01028499
00000da8
00800000
01028399
01028419
01028499
00000db2
00800000
01028419
01028499
00000dbc
00800000
01028419
01028499
00000dc6
00800000
01028399
01028419
01028499
00000dd0
00800000
01028419
01028499
00000dda
00800000
01028419
00000de4
00800000
01028419
01028499
00000de5
00800000
01028399
01028419
00000def
00800000
01028419
01028499
00000df9
00800000
01028419
01028499
00000e03
00800000
01028419
01028499
00000e0d
00800000
01028419
01028499
00000e17
00800000
01028419
01028499
00000e22
00800000
01028419
01028499
00000e2c
00800000
01028419
01028499
00000e36
00800000
01028399
01028419
01028499
00000e40
00800000
01028399
01028419
01028499
00000e4a
00800000
01028419
01028499
00000e54
00800000
01028419
01028499
00000e5f
00800000
01028399
01028419
00000e69
00800000
01028419
01028499
00000e73
00800000
01028419
01028499
00000e7d
00800000
01028399
01028419
00000e87
00800000
01028419
01028499
00000e91
00800000
01028419
00000e9c
00800000
01028419
01028499
00000ea6
00800000
01028419
00000eb0
00800000
01028399
01028419
00000eba
00800000
01028399
01028419
01028499
00000ec4
00800000
01028419
01028499
00000ece
00800000
01028419
01028499
00000ecf
00800000
01028419
01028499
00000ed9
00800000
01028419
01028499
00000ee3
00800000
01028419
01028499
00000eed
00800000
01028419
01028499
00000ef7
00800000
01028419
00000f01
00800000
01028419
01028499
00000f0b
00800000
01028419
01028499
00000f0c
00800000
01028419
00000f16
00800000
01028419
01028499
00000f20
00800000
01028399
01028419
01028499
00000f2a
00800000
01028399
01028419
01028499
00000f34
00800000
01028419
01028499
00000f3e
00800000
01028419
00000f48
00800000
01028419
01028499
00000f49
00800000
01028419
01028499
00000f53
00800000
01028419
01028499
00000f5d
00800000
01028419
01028499
00000f67
00800000
01028419
00000f71
00800000
01028419
00000f7b
00800000
01028399
01028419
01028499
00000f86
00800000
01028399
01028419
01028499
00000f90
00800000
01028419
01028499
00000f9a
00800000
01028419
00000fa4
00800000
01028419
01028499
00000fae
00800000
01028419
01028499
00000fb8
00800000
01028399
01028419
01028499
00000fc3
00800000
01028419
00000fcd
00800000
01028419
01028499
00000fd7
00800000
01028414
01028419
00000fe1
00800000
01028399
01028419
01028499
00000feb
00800000
01028399
01028419
00000ff5
00800000
01028399
01028419
00001000
00800000
01028419
01028499
0000100a
00800000
01028419
01028499
00001014
00800000
01028419
01028499
0000101e
00800000
01028414
01028419
01028499
00001028
00800000
01028399
01028419
01028499
00001032
00800000
01028399
01028419
00001033
00800000
01028419
01028499
0000103d
00800000
01028399
01028419
00001047
00800000
01028419
01028499
00001051
00800000
01028419
01028499
0000105b
00800000
01028419
01028499
00001065
00800000
01028419
01028499
0000106f
00800000
01028419
01028499
00001070
00800000
01028399
01028419
01028499
0000107a
00800000
01028419
00001084
00800000
01028399
01028419
01028499
0000108e
00800000
01028419
00001098
00800000
01028399
01028419
01028499
000010a2
00800000
01028419
000010ac
00800000
01028399
01028419
000010ad
00800000
01028419
01028499
000010b7
00800000
01028419
01028499
000010c1
00800000
01028419
000010cb
00800000
01028419
000010d5
00800000
01028419
000010df
00800000
01028399
01028419
01028499
000010ea
00800000
01028419
01028499
000010f4
00800000
01028399
01028419
01028499
000010fe
00800000
01028419
00001108
00800000
01028419
00001112
00800000
01028419
01028499
0000111c
00800000
01028419
01028499
00001127
00800000
01028419
01028499
00001131
00800000
01028399
01028419
01028499
0000113b
00800000
01028399
01028419
00001145
00800000
01028399
01028419
01028499
0000114f
00800000
01028419
01028499
00001159
00800000
01028419
01028499
00001164
00800000
01028419
0000116e
00800000
01028419
01028499
00001178
00800000
01028399
01028419
01028499
00001182
00800000
01028399
01028419
01028499
0000118c
00800000
01028419
01028499
00001196
00800000
01028499
00001197
00800000
01028419
000011a1
00800000
01028419
01028499
000011ab
00800000
01028419
01028499
000011b5
00800000
01028419
01028499
000011bf
00800000
01028419
01028499
000011c9
00800000
01028419
000011d3
00800000
01028419
000011d4
00800000
01028419
01028499
000011de
00800000
01028399
01028419
01028499
000011e8
00800000
01028399
01028419
000011f2
00800000
01028399
01028419
01028499
000011fc
00800000
01028419
00001206
00800000
01028419
00001210
00800000
01028419
01028499
00001211
00800000
01028419
01028499
0000121b
00800000
01028419
00001225
00800000
01028419
01028499
0000122f
00800000
01028419
01028499
00001239
00800000
01028419
00001243
00800000
01028419
0000124e
00800000
01028399
01028419
01028499
00001258
00800000
01028419
00001262
00800000
01028399
01028419
0000126c
00800000
01028419
00001276
00800000
01028419
00001280
00800000
01028419
01028499
0000128b
00800000
01028399
01028419
01028499
00001295
00800000
01028399
01028419
01028499
0000129f
00800000
01028399
01028419
01028499
000012a9
00800000
01028419
01028499
000012b3
00800000
01028399
01028419
01028499
000012bd
00800000
01028419
01028499
000012c8
00800000
01028419
01028499
000012d2
00800000
01028419
01028499
000012dc
00800000
01028419
01028499
000012e6
00800000
01028419
000012f0
00800000
01028399
01028419
000012fa
00800000
01028419
01028499
00001305
00800000
01028399
01028419
0000130f
00800000
01028399
01028419
01028499
00001319
00800000
01028399
01028419
00001323
00800000
01028419
0000132d
00800000
01028399
01028419
01028499
00001337
00800000
01028399
01028419
01028499
00001338
00800000
01028419
01028499
00001342
00800000
01028419
01028499
0000134c
00800000
01028419
01028499
00001356
00800000
01028419
01028499
00001360
00800000
01028419
0000136a
00800000
01028419
00001374
00800000
01028419
01028499
00001375
00800000
01028399
01028419
01028499
0000137f
00800000
01028399
01028419
00001389
00800000
01028399
01028419
01028499
00001393
00800000
01028419
01028499
0000139d
00800000
01028399
01028419
01028499
000013a7
00800000
01028399
01028419
01028499
000013b2
00800000
01028419
000013bc
00800000
01028419
000013c6
00800000
01028419
01028499
000013d0
00800000
01028419
01028499
000013da
00800000
01028419
01028499
000013e4
00800000
01028419
01028499
000013ef
00800000
01028399
01028419
01028499
000013f9
00800000
01028399
01028419
00001403
00800000
01028419
0000140d
00800000
01028399
01028419
01028499
00001417
00800000
01028419
01028499
00001421
00800000
01028419
01028499
0000142c
00800000
01028419
00001436
00800000
01028399
01028419
01028499
00001440
00800000
01028419
01028499
0000144a
00800000
01028419
01028499
00001454
00800000
01028419
01028499
0000145e
00800000
01028399
01028419
00001469
00800000
01028419
01028499
00001473
00800000
01028419
0000147d
00800000
01028399
01028419
00001487
00800000
01028399
01028419
00001491
00800000
01028414
01028419
01028499
0000149b
00800000
01028414
01028419
01028499
0000149c
00800000
01028399
01028419
01028499
000014a6
00800000
01028419
01028499
000014b0
00800000
01028399
01028419
01028499
000014ba
00800000
01028419
000014c4
00800000
01028414
01028419
01028499
000014ce
00800000
01028419
000014d8
00800000
01028419
000014d9
00800000
01028399
01028419
01028499
000014e3
00800000
01028419
01028499
000014ed
00800000
01028399
01028419
01028499
000014f7
00800000
01028399
01028419
01028499
00001501
00800000
01028419
0000150b
00800000
01028399
01028419
01028499
00001516
00800000
01028419
00001520
00800000
01028419
0000152a
00800000
01028419
01028499
00001534
00800000
01028419
0000153e
00800000
01028419
01028499
00001548
00800000
01028419
00001553
00800000
01028399
01028419
01028499
0000155d
00800000
01028419
01028499
00001567
00800000
01028419
01028499
00001571
00800000
01028419
01028499
0000157b
00800000
01028419
00001585
00800000
01028419
00001590
00800000
01028399
01028419
0000159a
00800000
01028399
01028419
01028499
000015a4
00800000
01028399
01028419
000015ae
00800000
01028419
01028499
000015b8
00800000
01028399
01028419
01028499
000015c2
00800000
01028399
01028419
01028499
000015cd
00800000
01028419
01028499
000015d7
00800000
01028419
01028499
000015e1
00800000
01028419
01028499
000015eb
00800000
01028399
01028419
01028499
000015f5
00800000
01028399
01028419
01028499
000015ff
00800000
01028399
01028419
01028499
00001600
00800000
01028419
01028499
0000160a
00800000
01028419
01028499
00001614
00800000
01028419
0000161e
00800000
01028419
01028499
00001628
00800000
01028419
01028499
00001632
00800000
01028419
01028499
0000163c
00800000
01028419
01028499
0000163d
00800000
01028419
00001647
00800000
01028419
01028499
00001651
00800000
01028399
01028419
0000165b
00800000
01028419
00001665
00800000
01028419
01028499
0000166f
00800000
01028419
0000167a
00800000
01028419
01028499
00001684
00800000
01028399
01028419
0000168e
00800000
01028399
01028419
01028499
00001698
00800000
01028399
01028419
01028499
000016a2
00800000
01028399
01028419
01028499
000016ac
00800000
01028399
01028419
000016b7
00800000
01028419
01028499
000016c1
00800000
01028419
000016cb
00800000
01028399
01028419
000016d5
00800000
01028419
000016df
00800000
01028419
01028499
000016e9
00800000
01028419
01028499
000016f4
00800000
01028399
01028419
01028499
000016fe
00800000
01028419
01028499
00001708
00800000
01028419
01028499
00001712
00800000
01028419
01028499
0000171c
00800000
01028419
01028499
00001726
00800000
01028419
01028499
00001731
00800000
01028399
01028419
01028499
0000173b
00800000
01028419
01028499
00001745
00800000
01028399
01028419
01028499
0000174f
00800000
01028419
00001759
00800000
01028419
01028499
00001763
00800000
01028419
01028499
00001764
00800000
01028399
01028419
01028499
0000176e
00800000
01028399
01028419
01028499
00001778
00800000
01028419
01028499
00001782
00800000
01028399
01028419
01028499
0000178c
00800000
01028419
01028499
00001796
00800000
01028419
01028499
000017a0
00800000
01028399
01028419
01028499
000017a1
00800000
01028419
01028499
000017ab
00800000
01028419
01028499
000017b5
00800000
01028419
01028499
000017bf
00800000
01028419
01028499
000017c9
00800000
01028419
01028499
000017d3
00800000
01028399
01028419
01028499
000017de
00800000
01028419
01028499
000017e8
00800000
01028399
01028419
01028499
000017f2
00800000
01028419
01028499
000017fc
00800000
01028419
00001806
00800000
01028419
00001810
00800000
01028419
01028499
0000181b
00800000
01028419
00001825
00800000
01028419
0000182f
00800000
01028399
01028419
00001839
00800000
01028399
01028419
01028499
00001843
00800000
01028399
01028419
01028499
0000184d
00800000
01028419
00001858
00800000
01028399
01028419
01028499
00001862
00800000
01028419
01028499
0000186c
00800000
01028419
00001876
00800000
01028399
01028419
01028499
00001880
00800000
01028419
01028499
0000188a
00800000
01028419
00001895
00800000
01028399
01028419
01028499
0000189f
00800000
01028399
01028419
01028499
000018a9
00800000
01028419
000018b3
00800000
01028419
000018bd
00800000
01028419
000018c7
00800000
01028419
000018c8
00800000
01028419
01028499
000018d2
00800000
01028399
01028419
01028499
000018dc
00800000
01028419
01028499
000018e6
00800000
01028399
01028419
01028499
000018f0
00800000
01028419
01028499
000018fa
00800000
01028399
01028419
01028499
00001904
00800000
01028399
01028419
01028499
00001905
00800000
01028399
01028419
0000190f
00800000
01028399
01028419
01028499
00001919
00800000
01028399
01028419
00001923
00800000
01028399
01028419
01028499
0000192d
00800000
01028419
01028499
00001937
00800000
01028399
01028419
00001942
00800000
01028419
01028499
0000194c
00800000
01028419
01028499
00001956
00800000
01028399
01028419
00001960
00800000
01028419
01028499
0000196a
00800000
01028399
01028419
01028499
00001974
00800000
01028399
01028419
01028499
0000197f
00800000
01028419
01028499
00001989
00800000
01028399
01028419
00001993
00800000
01028419
01028499
0000199d
00800000
01028399
01028419
01028499
000019a7
00800000
01028419
01028499
000019b1
00800000
01028419
01028499
000019bc
00800000
01028399
01028419
01028499
000019c6
00800000
01028419
000019d0
00800000
01028399
01028419
000019da
00800000
01028419
01028499
000019e4
00800000
01028419
01028499
000019ee
00800000
01028419
01028499
000019f9
00800000
01028419
01028499
00001a03
00800000
01028419
01028499
00001a0d
00800000
01028419
01028499
00001a17
00800000
01028419
00001a21
00800000
01028399
01028419
01028499
00001a2b
00800000
01028399
01028419
01028499
00001a2c
00800000
01028419
01028499
00001a36
00800000
01028419
01028499
00001a40
00800000
01028399
01028419
01028499
00001a4a
00800000
01028419
01028499
00001a54
00800000
01028419
00001a5e
00800000
01028419
01028499
00001a68
00800000
01028419
01028499
00001a69
00800000
01028419
01028499
00001a73
00800000
01028419
01028499
00001a7d
00800000
01028399
01028419
01028499
00001a87
00800000
01028419
01028499
00001a91
00800000
01028399
01028419
01028499
00001a9b
00800000
01028399
01028419
01028499
00001aa6
00800000
01028419
01028499
00001ab0
00800000
01028419
01028499
00001aba
00800000
01028399
01028419
01028499
00001ac4
00800000
01028419
00001ace
00800000
01028399
01028419
00001ad8
00800000
01028419
01028499
00001ae3
00800000
01028419
00001aed
00800000
01028419
01028499
00001af7
00800000
01028419
00001b01
00800000
01028419
01028499
00001b0b
00800000
01028419
01028499
00001b15
00800000
01028419
01028499
00001b20
00800000
01028419
01028499
00001b2a
00800000
01028399
01028419
01028499
00001b34
00800000
01028399
01028419
00001b3e
00800000
01028419
00001b48
00800000
01028419
01028499
00001b52
00800000
01028419
00001b5d
00800000
01028419
01028499
00001b67
00800000
01028419
01028499
00001b71
00800000
01028419
00001b7b
00800000
01028399
01028419
01028499
00001b85
00800000
01028419
01028499
00001b8f
00800000
01028419
01028499
00001b90
00800000
01028419
01028499
00001b9a
00800000
01028399
01028419
01028499
00001ba4
00800000
01028419
01028499
00001bae
00800000
01028419
01028499
00001bb8
00800000
01028419
00001bc2
00800000
01028419
01028499
00001bcc
00800000
01028399
01028419
01028499
00001bcd
00800000
01028419
00001bd7
00800000
01028399
01028419
00001be1
00800000
01028399
01028419
00001beb
00800000
01028419
01028499
00001bf5
00800000
01028399
01028419
01028499
00001bff
00800000
01028399
01028419
01028499
00001c0a
00800000
01028399
01028419
01028499
00001c14
00800000
01028399
01028419
00001c1e
00800000
01028419
01028499
00001c28
00800000
01028419
01028499
00001c32
00800000
01028419
01028499
00001c3c
00800000
01028399
01028419
00001c47
00800000
01028419
00001c51
00800000
01028419
00001c5b
00800000
01028419
01028499
00001c65
00800000
01028399
01028419
01028499
00001c6f
00800000
01028419
00001c79
00800000
01028419
01028499
00001c84
00800000
01028399
01028414
01028419
01028499
00001c8e
00800000
01028399
01028419
01028499
00001c98
00800000
01028419
00001ca2
00800000
01028419
01028499
00001cac
00800000
01028419
01028499
00001cb6
00800000
01028419
00001cc1
00800000
01028399
01028419
01028499
00001ccb
00800000
01028399
01028419
00001cd5
00800000
01028399
01028419
00001cdf
00800000
01028419
00001ce9
00800000
01028399
01028419
01028499
00001cf3
00800000
01028399
01028419
01028499
00001cf4
00800000
01028399
01028419
01028499
00001cfe
00800000
01028419
00001d08
00800000
01028419
00001d12
00800000
01028419
01028499
00001d1c
00800000
01028399
01028419
01028499
00001d26
00800000
01028419
01028499
00001d30
00800000
01028419
01028499
00001d31
00800000
01028399
01028419
01028499
00001d3b
00800000
01028419
00001d45
00800000
01028399
01028419
00001d4f
00800000
01028419
01028499
00001d59
00800000
01028419
01028499
00001d63
00800000
01028399
01028419
01028499
00001d6e
00800000
01028419
00001d78
00800000
01028419
01028499
00001d82
00800000
01028419
00001d8c
00800000
01028419
00001d96
00800000
01028419
01028499
00001da0
00800000
01028419
01028499
00001dab
00800000
01028419
01028499
00001db5
00800000
01028399
01028419
01028499
00001dbf
00800000
01028399
01028419
01028499
00001dc9
00800000
01028419
00001dd3
00800000
01028399
01028419
00001ddd
00800000
01028399
01028419
01028499
00001de8
00800000
01028414
01028419
01028499
00001df2
00800000
01028419
01028499
00001dfc
00800000
01028399
01028419
01028499
00001e06
00800000
01028419
00001e10
00800000
01028399
01028419
01028499
00001e1a
00800000
01028399
01028419
01028499
00001e25
00800000
01028419
01028499
00001e2f
00800000
01028419
01028499
00001e39
00800000
01028399
01028419
01028499
00001e43
00800000
01028419
01028499
00001e4d
00800000
01028419
00001e57
00800000
01028419
00001e58
00800000
01028419
01028499
00001e62
00800000
01028419
01028499
00001e6c
00800000
01028399
01028419
00001e76
00800000
01028399
01028419
01028499
00001e80
00800000
01028419
01028499
00001e8a
00800000
01028419
01028499
00001e94
00800000
01028419
01028499
00001e95
00800000
01028419
01028499
00001e9f
00800000
01028399
01028419
00001ea9
00800000
01028419
01028499
00001eb3
00800000
01028419
01028499
00001ebd
00800000
01028419
00001ec7
00800000
01028419
00001ed2
00800000
01028399
01028419
01028499
00001edc
00800000
01028399
01028419
00001ee6
00800000
01028399
01028419
00001ef0
00800000
01028399
01028419
01028499
00001efa
00800000
01028419
01028499
00001f04
00800000
01028419
01028499
00001f0f
00800000
01028399
01028419
01028499
00001f19
00800000
01028399
01028419
01028499
00001f23
00800000
01028419
01028499
00001f2d
00800000
01028419
01028499
00001f37
00800000
01028419
01028499
00001f41
00800000
01028399
01028419
01028499
00001f4c
00800000
01028419
01028499
00001f56
00800000
01028399
01028419
00001f60
00800000
01028419
01028499
00001f6a
00800000
01028399
01028419
01028499
00001f74
00800000
01028419
01028499
00001f7e
00800000
01028419
00001f89
00800000
01028399
01028419
01028499
00001f93
00800000
01028419
01028499
00001f9d
00800000
01028399
01028419
01028499
00001fa7
00800000
01028419
01028499
00001fb1
00800000
01028399
01028419
01028499
00001fbb
00800000
01028399
01028419
01028499
00001fbc
00800000
01028419
01028499
00001fc6
00800000
01028419
01028499
00001fd0
00800000
01028399
01028419
01028499
00001fda
00800000
01028419
01028499
00001fe4
00800000
01028399
01028419
00001fee
00800000
01028399
01028419
00001ff8
00800000
01028399
01028419
00001ff9
00800000
01028419
00002003
00800000
01028419
01028499
0000200d
00800000
01028419
01028499
00002017
00800000
01028419
01028499
00002021
00800000
01028419
01028499
0000202b
00800000
01028419
01028499
00002036
00800000
01028399
01028419
00002040
00800000
01028399
01028419
01028499
0000204a
00800000
01028419
00002054
00800000
01028419
01028499
0000205e
00800000
01028419
01028499
00002068
00800000
01028399
01028419
00002073
00800000
01028399
01028419
01028499
0000207d
00800000
01028419
01028499
00002087
00800000
01028419
01028499
00002091
00800000
01028399
01028419
01028499
0000209b
00800000
01028399
01028419
01028499
000020a5
00800000
01028419
000020b0
00800000
01028399
01028419
01028499
000020ba
00800000
01028399
01028419
01028499
000020c4
00800000
01028399
01028419
01028499
000020ce
00800000
01028399
01028419
01028499
000020d8
00800000
01028419
01028499
000020e2
00800000
01028399
01028419
01028499
000020ed
00800000
01028399
01028419
01028499
000020f7
00800000
01028399
01028419
01028499
00002101
00800000
01028399
01028419
0000210b
00800000
01028399
01028419
01028499
00002115
00800000
01028399
01028419
0000211f
00800000
01028399
01028419
00002120
00800000
01028419
01028499
0000212a
00800000
01028399
01028419
00002134
00800000
01028399
01028419
0000213e
00800000
01028419
01028499
00002148
00800000
01028399
01028419
01028499
00002152
00800000
01028399
01028419
01028499
0000215c
00800000
01028399
01028419
01028499
0000215d
00800000
01028419
01028499
00002167
00800000
01028419
01028499
00002171
00800000
01028399
01028419
01028499
0000217b
00800000
01028399
01028419
00002185
00800000
01028419
01028499
0000218f
00800000
01028419
00002199
00800000
01028419
01028499
0000219a
00800000
01028419
01028499
000021a4
00800000
01028419
000021ae
00800000
01028419
01028499
000021b8
00800000
01028399
01028419
000021c2
00800000
01028419
01028499
000021cc
00800000
01028419
01028499
000021d7
00800000
01028399
01028419
01028499
000021e1
00800000
01028399
01028419
000021eb
00800000
01028399
01028419
01028499
000021f5
00800000
01028419
000021ff
00800000
01028419
01028499
00002209
00800000
01028399
01028419
01028499
00002214
00800000
01028419
01028499
0000221e
00800000
01028399
01028419
00002228
00800000
01028399
01028419
01028499
00002232
00800000
01028419
0000223c
00800000
01028399
01028419
01028499
00002246
00800000
01028419
01028499
00002251
00800000
01028399
01028419
01028499
0000225b
00800000
01028399
01028419
00002265
00800000
01028419
01028499
0000226f
00800000
01028419
00002279
00800000
01028419
01028499
00002283
00800000
01028419
00002284
00800000
01028419
0000228e
00800000
01028419
01028499
00002298
00800000
01028399
01028419
000022a2
00800000
01028399
01028419
01028499
000022ac
00800000
01028419
01028499
000022b6
00800000
01028419
01028499
000022c0
00800000
01028419
01028499
000022c1
00800000
01028399
01028419
01028499
000022cb
00800000
01028419
01028499
000022d5
00800000
01028399
01028419
01028499
000022df
00800000
01028419
000022e9
00800000
01028399
01028419
01028499
000022f3
00800000
01028419
000022fd
00800000
01028419
01028499
000022fe
00800000
01028399
01028419
01028499
00002308
00800000
01028419
01028499
00002312
00800000
01028399
01028419
0000231c
00800000
01028399
01028419
01028499
00002326
00800000
01028399
01028419
00002330
00800000
01028419
01028499
0000233b
00800000
01028419
01028499
00002345
00800000
01028399
01028419
01028499
0000234f
00800000
01028419
01028499
00002359
00800000
01028399
01028419
00002363
00800000
01028419
01028499
0000236d
00800000
01028419
01028499
00002378
00800000
01028399
01028419
01028499
00002382
00800000
01028399
01028419
01028499
0000238c
00800000
01028419
01028499
00002396
00800000
01028399
01028419
01028499
000023a0
00800000
01028399
01028419
01028499
000023aa
00800000
01028419
000023b5
00800000
01028419
000023bf
00800000
01028399
01028419
000023c9
00800000
01028419
01028499
000023d3
00800000
01028419
000023dd
00800000
01028419
01028499
000023e7
00800000
01028419
000023e8
00800000
01028419
01028499
000023f2
00800000
01028419
000023fc
00800000
01028419
00002406
00800000
01028399
01028419
01028499
00002410
00800000
01028399
01028419
01028499
0000241a
00800000
01028419
01028499
00002424
00800000
01028419
01028499
00002425
00800000
01028399
01028419
0000242f
00800000
01028399
01028419
01028499
00002439
00800000
01028419
01028499
00002443
00800000
01028419
0000244d
00800000
01028419
00002457
00800000
01028419
00002461
00800000
01028419
01028499
00002462
00800000
01028399
01028419
01028499
0000246c
00800000
01028419
01028499
00002476
00800000
01028419
01028499
00002480
00800000
01028419
0000248a
00800000
01028419
00002494
00800000
01028399
01028419
0000249f
00800000
01028419
01028499
000024a9
00800000
01028419
01028499
000024b3
00800000
01028419
01028499
000024bd
00800000
01028399
01028419
01028499
000024c7
00800000
01028399
01028419
000024d1
00800000
01028419
01028499
000024dc
00800000
01028419
01028499
000024e6
00800000
01028419
01028499
000024f0
00800000
01028399
01028419
01028499
000024fa
00800000
01028419
00002504
00800000
01028399
01028419
0000250e
00800000
01028399
01028419
01028499
00002519
00800000
01028419
01028499
00002523
00800000
01028399
01028419
01028499
0000252d
00800000
01028399
01028419
00002537
00800000
01028419
00002541
00800000
01028399
01028419
01028499
0000254b
00800000
01028399
01028419
0000254c
00800000
01028419
01028499
00002556
00800000
01028419
01028499
00002560
00800000
01028399
01028419
0000256a
00800000
01028419
01028499
00002574
00800000
01028419
01028499
0000257e
00800000
01028399
01028419
01028499
00002588
00800000
01028399
01028419
01028499
00002589
00800000
01028399
01028419
00002593
00800000
01028399
01028419
0000259d
00800000
01028399
01028419
000025a7
00800000
01028399
01028419
01028499
000025b1
00800000
01028419
01028499
000025bb
00800000
01028419
000025c5
00800000
01028419
01028499
000025c6
00800000
01028419
01028499
000025d0
00800000
01028419
01028499
000025da
00800000
01028419
000025e4
00800000
01028419
01028499
000025ee
00800000
01028399
01028419
000025f8
00800000
01028419
01028499
00002603
00800000
01028419
01028499
0000260d
00800000
01028399
01028419
01028499
00002617
00800000
01028419
01028499
00002621
00800000
01028419
0000262b
00800000
01028419
01028499
00002635
00800000
01028399
01028419
01028499
00002640
00800000
01028419
01028499
0000264a
00800000
01028419
01028499
00002654
00800000
01028419
01028499
0000265e
00800000
01028419
01028499
00002668
00800000
01028419
00002672
00800000
01028419
01028499
0000267d
00800000
01028419
01028499
00002687
00800000
01028399
01028419
00002691
00800000
01028419
0000269b
00800000
01028419
01028499
000026a5
00800000
01028419
000026af
00800000
01028399
01028419
000026ba
00800000
01028419
000026c4
00800000
01028399
01028419
000026ce
00800000
01028399
01028419
000026d8
00800000
01028419
000026e2
00800000
01028419
01028499
000026ec
00800000
01028419
01028499
000026ed
00800000
01028419
000026f7
00800000
01028419
00002701
00800000
01028419
