01028319
01009d9a
00000000
00800000
01028319
0000000e
00800000
01028319
00000018
00800000
01028319
00000037
00800000
01028319
0000004b
00800000
01028319
00000055
00800000
01028319
0000006a
00800000
01028319
0000007e
00800000
01028319
00000088
00800000
01028319
00000092
00800000
01028319
0000009d
00800000
01028319
000000a7
00800000
01028319
000000bb
00800000
01028319
000000c5
00800000
01028319
000000cf
00800000
01028319
000000da
00800000
01028319
000000ee
00800000
01028319
00000102
00800000
01028319
0000012b
00800000
01028319
00000135
00800000
01028319
00000149
00800000
01028319
0000015e
00800000
01028319
00000168
00800000
01028319
00000172
00800000
01028319
0000017c
00800000
01028319
00000191
00800000
01028319
000001af
00800000
01028319
000001c4
00800000
01028319
000001ce
00800000
01028319
000001d8
00800000
01028319
000001e2
00800000
01028319
000001ec
00800000
01028319
000001f6
00800000
01028319
00000201
00800000
01028319
00000229
00800000
01028319
00000233
00800000
01028319
00000248
00800000
01028319
00000252
00800000
01028319
00000266
00800000
01028319
00000270
00800000
01028319
0000028f
00800000
01028319
00000299
00800000
01028319
000002a3
00800000
01028319
000002ad
00800000
01028319
000002b8
00800000
01028319
000002cc
00800000
01028319
000002d6
00800000
01028319
000002ea
00800000
01028319
000002eb
00800000
01028319
000002f5
00800000
01028319
00000313
00800000
01028319
0000031d
00800000
01028319
00000332
00800000
01028319
0000033c
00800000
01028319
00000346
00800000
01028319
0000036f
00800000
01028319
000003ca
00800000
01028319
000003fd
00800000
01028319
00000411
00800000
01028319
0000041c
00800000
01028319
00000426
00800000
01028319
0000044e
00800000
01028319
0000044f
00800000
01028319
0000046d
00800000
01028319
00000477
00800000
01028319
000004b4
00800000
01028319
000004be
00800000
01028319
000004c9
00800000
01028319
000004d3
00800000
01028319
000004e7
00800000
01028319
000004fb
00800000
01028319
00000510
00800000
01028319
0000052e
00800000
01028319
00000538
00800000
01028319
00000543
00800000
01028319
0000054d
00800000
01028319
00000561
00800000
01028319
0000056b
00800000
01028319
00000575
00800000
01028319
00000580
00800000
01028319
00000594
00800000
01028319
0000059e
00800000
01028319
000005a8
00800000
01028319
000005b2
00800000
01028319
000005b3
00800000
01028319
000005c7
00800000
01028319
000005f0
00800000
01028319
0000060e
00800000
01028319
00000618
00800000
01028319
00000622
00800000
01028319
0000062d
00800000
01028319
00000655
00800000
01028319
0000065f
00800000
01028319
0000066a
00800000
01028319
00000688
00800000
01028319
000006b1
00800000
01028319
000006bb
00800000
01028319
000006cf
00800000
01028319
000006d9
00800000
01028319
000006ee
00800000
01028319
000006f8
00800000
01028319
00000716
00800000
01028319
00000717
00800000
01028319
0000073f
00800000
01028319
00000754
00800000
01028319
00000768
00800000
01028319
0000077c
00800000
01028319
00000786
00800000
01028319
00000791
00800000
01028319
000007a5
00800000
01028319
000007af
00800000
01028319
000007b9
00800000
01028319
000007ce
00800000
01028319
000007e2
00800000
01028319
000007ec
00800000
01028319
000007f6
00800000
01028319
00000800
00800000
01028319
00000829
00800000
01028319
0000083d
00800000
01028319
00000852
00800000
01028319
00000866
00800000
01028319
00000885
00800000
01028319
0000088f
00800000
01028319
000008a3
00800000
01028319
000008ad
00800000
01028319
000008c2
00800000
01028319
000008ff
00800000
01028319
00000909
00800000
01028319
00000913
00800000
01028319
00000932
00800000
01028319
00000946
00800000
01028319
0000096f
00800000
01028319
000009ac
00800000
01028319
000009ca
00800000
01028319
000009de
00800000
01028319
000009df
00800000
01028319
000009fd
00800000
01028319
00000a11
00800000
01028319
00000a26
00800000
01028319
00000a3a
00800000
01028319
00000a44
00800000
01028319
00000a4e
00800000
01028319
00000a59
00800000
01028319
00000a63
00800000
01028319
00000a6d
00800000
01028319
00000a77
00800000
01028319
00000a8b
00800000
01028319
00000abe
00800000
01028319
00000ad3
00800000
01028319
00000af1
00800000
01028319
00000b10
00800000
01028319
00000b2e
00800000
01028319
00000b38
00800000
01028319
00000b42
00800000
01028319
00000b43
00800000
01028319
00000b57
00800000
01028319
00000b61
00800000
01028319
00000b94
00800000
01028319
00000bbd
00800000
01028319
00000bd1
00800000
01028319
00000be5
00800000
01028319
00000bef
00800000
01028319
00000c4b
00800000
01028319
00000c74
00800000
01028319
00000ca6
00800000
01028319
00000ca7
00800000
01028319
00000cc5
00800000
01028319
00000ce3
00800000
01028319
00000ce4
00800000
01028319
00000cf8
00800000
01028319
00000d02
00800000
01028319
00000d0c
00800000
01028319
00000d21
00800000
01028319
00000d2b
00800000
01028319
00000d35
00800000
01028319
00000d53
00800000
01028319
00000d5e
00800000
01028319
00000d68
00800000
01028319
00000d7c
00800000
01028319
00000da5
00800000
01028319
00000daf
00800000
01028319
00000db9
00800000
01028319
00000de2
00800000
01028319
00000df6
00800000
01028319
00000e00
00800000
01028319
00000e0a
00800000
01028319
00000e0b
00800000
01028319
00000e15
00800000
01028319
00000e5c
00800000
01028319
00000e66
00800000
01028319
00000e8f
00800000
01028319
00000ea3
00800000
01028319
00000ed6
00800000
01028319
00000eea
00800000
01028319
00000ef4
00800000
01028319
00000f09
00800000
01028319
00000f13
00800000
01028319
00000f1d
00800000
01028319
00000f3c
00800000
01028319
00000f46
00800000
01028319
00000f50
00800000
01028319
00000f5a
00800000
01028319
00000f64
00800000
01028319
00000f83
00800000
01028319
00000f97
00800000
01028319
00000fb6
00800000
01028319
00000fca
00800000
01028319
00000fd4
00800000
01028319
00000fde
00800000
01028319
0000101b
00800000
01028319
0000103a
00800000
01028319
00001058
00800000
01028319
0000108b
00800000
01028319
000010aa
00800000
01028319
000010b4
00800000
01028319
000010be
00800000
01028319
000010c8
00800000
01028319
000010d2
00800000
01028319
000010e7
00800000
01028319
00001105
00800000
01028319
0000110f
00800000
01028319
00001110
00800000
01028319
0000112e
00800000
01028319
00001161
00800000
01028319
00001175
00800000
01028319
0000117f
00800000
01028319
0000118a
00800000
01028319
0000119e
00800000
01028319
000011e5
00800000
01028319
000011ef
00800000
01028319
000011f9
00800000
01028319
0000120e
00800000
01028319
00001218
00800000
01028319
00001222
00800000
01028319
0000122c
00800000
01028319
00001269
00800000
01028319
00001273
00800000
01028319
00001274
00800000
01028319
00001288
00800000
01028319
0000129c
00800000
01028319
000012a6
00800000
01028319
000012c5
00800000
01028319
000012cf
00800000
01028319
000012d9
00800000
01028319
000012f8
00800000
01028319
00001302
00800000
01028319
0000130c
00800000
01028319
00001320
00800000
01028319
00001353
00800000
01028319
00001368
00800000
01028319
00001372
00800000
01028319
0000137c
00800000
01028319
00001390
00800000
01028319
000013a5
00800000
01028319
000013af
00800000
01028319
000013b9
00800000
01028319
000013cd
00800000
01028319
000013ec
00800000
01028319
0000140a
00800000
01028319
00001415
00800000
01028319
0000141f
00800000
01028319
00001429
00800000
01028319
00001433
00800000
01028319
0000143d
00800000
01028319
00001447
00800000
01028319
0000145c
00800000
01028319
00001466
00800000
01028319
0000147a
00800000
01028319
00001484
00800000
01028319
000014d6
00800000
01028319
000014f4
00800000
01028319
0000151d
00800000
01028319
0000155a
00800000
01028319
0000156e
00800000
01028319
00001597
00800000
01028319
000015ab
00800000
01028319
000015b6
00800000
01028319
000015ca
00800000
01028319
000015d4
00800000
01028319
000015e8
00800000
01028319
00001607
00800000
01028319
00001611
00800000
01028319
0000161b
00800000
01028319
00001630
00800000
01028319
00001644
00800000
01028319
0000164e
00800000
01028319
00001658
00800000
01028319
00001662
00800000
01028319
00001681
00800000
01028319
0000168b
00800000
01028319
000016aa
00800000
01028319
000016b4
00800000
01028319
000016be
00800000
01028319
000016c8
00800000
01028319
0000170f
00800000
01028319
00001724
00800000
01028319
0000172e
00800000
01028319
00001738
00800000
01028319
00001742
00800000
01028319
0000174c
00800000
01028319
0000176b
00800000
01028319
00001775
00800000
01028319
00001794
00800000
01028319
000017a8
00800000
01028319
000017b2
00800000
01028319
000017c6
00800000
01028319
000017e5
00800000
01028319
000017ef
00800000
01028319
000017f9
00800000
01028319
00001803
00800000
01028319
00001804
00800000
01028319
0000180e
00800000
01028319
00001818
00800000
01028319
00001841
00800000
01028319
0000184b
00800000
01028319
00001869
00800000
01028319
00001873
00800000
01028319
00001888
00800000
01028319
0000189c
00800000
01028319
000018a6
00800000
01028319
000018b0
00800000
01028319
000018c5
00800000
01028319
000018cf
00800000
01028319
00001916
00800000
01028319
0000192a
00800000
01028319
00001949
00800000
01028319
00001953
00800000
01028319
0000197c
00800000
01028319
0000199a
00800000
01028319
000019af
00800000
01028319
000019c3
00800000
01028319
000019e2
00800000
01028319
000019f6
00800000
01028319
00001a14
00800000
01028319
00001a1f
00800000
01028319
00001a33
00800000
01028319
00001a3d
00800000
01028319
00001a51
00800000
01028319
00001a8e
00800000
01028319
00001a99
00800000
01028319
00001aa3
00800000
01028319
00001ab7
00800000
01028319
00001ac1
00800000
01028319
00001acb
00800000
01028319
00001acc
00800000
01028319
00001ad6
00800000
01028319
00001aea
00800000
01028319
00001af4
00800000
01028319
00001b13
00800000
01028319
00001b27
00800000
01028319
00001b31
00800000
01028319
00001b3b
00800000
01028319
00001b97
00800000
01028319
00001bb5
00800000
01028319
00001bca
00800000
01028319
00001bd4
00800000
01028319
00001bde
00800000
01028319
00001bf2
00800000
01028319
00001c07
00800000
01028319
00001c25
00800000
01028319
00001c58
00800000
01028319
00001c62
00800000
01028319
00001c6d
00800000
01028319
00001c77
00800000
01028319
00001c81
00800000
01028319
00001c95
00800000
01028319
00001c9f
00800000
01028319
00001caa
00800000
01028319
00001cbe
00800000
01028319
00001cdc
00800000
01028319
00001d05
00800000
01028319
00001d0f
00800000
01028319
00001d24
00800000
01028319
00001d2e
00800000
01028319
00001d38
00800000
01028319
00001d4c
00800000
01028319
00001d93
00800000
01028319
00001d94
00800000
01028319
00001da8
00800000
01028319
00001dbc
00800000
01028319
00001ddb
00800000
01028319
00001de5
00800000
01028319
00001def
00800000
01028319
00001e03
00800000
01028319
00001e0e
00800000
01028319
00001e18
00800000
01028319
00001e22
00800000
01028319
00001e40
00800000
01028319
00001e4b
00800000
01028319
00001e55
00800000
01028319
00001e7d
00800000
01028319
00001ea6
00800000
01028319
00001ed9
00800000
01028319
00001ee3
00800000
01028319
00001eed
00800000
01028319
00001f0c
00800000
01028319
00001f20
00800000
01028319
00001f34
00800000
01028319
00001f35
00800000
01028319
00001f53
00800000
01028319
00001f5d
00800000
01028319
00001f7c
00800000
01028319
00001f86
00800000
01028319
00001f90
00800000
01028319
00001fa4
00800000
01028319
00001faf
00800000
01028319
00001fb9
00800000
01028319
00001fc3
00800000
01028319
00001fd7
00800000
01028319
00001fe1
00800000
01028319
00001ff6
00800000
01028319
00002014
00800000
01028319
0000201e
00800000
01028319
00002029
00800000
01028319
00002033
00800000
01028319
0000203d
00800000
01028319
00002066
00800000
01028319
00002084
00800000
01028319
0000208e
00800000
01028319
00002099
00800000
01028319
000020ad
00800000
01028319
000020b7
00800000
01028319
000020c1
00800000
01028319
000020cb
00800000
01028319
000020d6
00800000
01028319
000020ea
00800000
01028319
0000211d
00800000
01028319
00002127
00800000
01028319
0000213b
00800000
01028319
0000215a
00800000
01028319
0000218d
00800000
01028319
00002197
00800000
01028319
000021ab
00800000
01028319
000021b5
00800000
01028319
000021bf
00800000
01028319
000021c0
00800000
01028319
000021ca
00800000
01028319
000021d4
00800000
01028319
000021e8
00800000
01028319
0000223a
00800000
01028319
00002244
00800000
01028319
00002258
00800000
01028319
00002262
00800000
01028319
0000226c
00800000
01028319
0000228b
00800000
01028319
00002295
00800000
01028319
000022be
00800000
01028319
000022c8
00800000
01028319
000022dc
00800000
01028319
0000230f
00800000
01028319
0000232e
00800000
01028319
00002342
00800000
01028319
0000234c
00800000
01028319
00002360
00800000
01028319
00002361
00800000
01028319
0000236b
00800000
01028319
00002375
00800000
01028319
00002389
00800000
01028319
00002393
00800000
01028319
0000239e
00800000
01028319
000023c6
00800000
01028319
000023d0
00800000
01028319
000023e5
00800000
01028319
000023f9
00800000
01028319
0000240d
00800000
01028319
00002422
00800000
01028319
00002436
00800000
01028319
0000245f
00800000
01028319
00002469
00800000
01028319
00002473
00800000
01028319
0000247d
00800000
01028319
00002487
00800000
01028319
00002488
00800000
01028319
00002492
00800000
01028319
000024a6
00800000
01028319
000024ba
00800000
01028319
000024ed
00800000
01028319
000024f7
00800000
01028319
00002502
00800000
01028319
0000250c
00800000
01028319
00002516
00800000
01028319
00002520
00800000
01028319
00002534
00800000
01028319
0000253f
00800000
01028319
00002549
00800000
01028319
0000255d
00800000
01028319
00002567
00800000
01028319
00002571
00800000
01028319
00002586
00800000
01028319
0000259a
00800000
01028319
000025a4
00800000
01028319
000025ae
00800000
01028319
000025b9
00800000
01028319
000025c3
00800000
01028319
000025eb
00800000
01028319
000025f6
00800000
01028319
00002600
00800000
01028319
0000261e
00800000
01028319
00002628
00800000
01028319
00002629
00800000
01028319
00002647
00800000
01028319
00002651
00800000
01028319
00002684
00800000
01028319
000026ad
00800000
01028319
000026b7
00800000
01028319
000026cb
00800000
01028319
000026d5
00800000
01028319
000026f4
00800000
01028319
