01028319
00000000
00800000
01028319
000000eb
00800000
01028319
000001a2
00800000
01028319
0000023a
00800000
01028319
00000277
00800000
01028319
00000394
00800000
01028319
000003b3
00800000
01028319
000003db
00800000
01028319
00000437
00800000
01028319
000004da
00800000
01028319
000004ee
00800000
01028319
000004f8
00800000
01028319
000005b9
00800000
01028319
00000615
00800000
01028319
00000670
00800000
01028319
000006b8
00800000
01028319
000006eb
00800000
01028319
00000732
00800000
01028319
00000877
00800000
01028319
00000924
00800000
01028319
00000943
00800000
01028319
000009c7
00800000
01028319
00000a5f
00800000
01028319
00000a88
00800000
01028319
00000aa7
00800000
01028319
00000abb
00800000
01028319
00000aee
00800000
01028319
00000bec
00800000
01028319
00000c5c
00800000
01028319
00000cea
00800000
01028319
00000d46
00800000
01028319
00000d6f
00800000
01028319
00000ebe
00800000
01028319
00000f75
00800000
01028319
00000fef
00800000
01028319
0000102c
00800000
01028319
0000105f
00800000
01028319
00001121
00800000
01028319
0000113f
00800000
01028319
000011ec
00800000
01028319
00001233
00800000
01028319
0000128f
00800000
01028319
000012cc
00800000
01028319
000012e0
00800000
01028319
0000133c
00800000
01028319
000013fd
00800000
01028319
0000143a
00800000
01028319
00001458
00800000
01028319
00001481
00800000
01028319
000014a0
00800000
01028319
00001510
00800000
01028319
00001538
00800000
01028319
000015bc
00800000
01028319
00001674
00800000
01028319
000017b9
00800000
01028319
00001800
00800000
01028319
00001815
00800000
01028319
0000181f
00800000
01028319
00001833
00800000
01028319
00001866
00800000
01028319
00001899
00800000
01028319
000018e0
00800000
01028319
00001abe
00800000
01028319
00001ad2
00800000
01028319
00001bb2
00800000
01028319
00001ce3
00800000
01028319
00001db9
00800000
01028319
00001e5c
00800000
01028319
00001e70
00800000
01028319
00001ee0
00800000
01028319
000020e7
00800000
01028319
00002218
00800000
01028319
00002255
00800000
01028319
00002292
00800000
01028319
000022c5
00800000
01028319
00002320
00800000
01028319
00002353
00800000
01028319
00002386
00800000
01028319
000023af
00800000
01028319
000023d7
00800000
01028319
000023e1
00800000
01028319
00002433
00800000
01028319
000024a3
00800000
01028319
00002513
00800000
01028319
00002550
00800000
01028319
00002597
00800000
01028319
000025ca
00800000
01028319
00002607
00800000
01028319
00002677
00800000
01028319
000026f1
00800000
01028319
