01028399
01028414
01028419
01028499
00000000
00800000
01028419
01028499
00000001
00800000
01028419
01028499
0000000b
00800000
01028419
01028499
00000015
00800000
01028419
01028499
0000001f
00800000
01028414
01028419
01028499
0000002a
00800000
01028419
01028499
00000034
00800000
01028399
01028419
01028499
0000003e
00800000
01028419
01028499
00000048
00800000
01028399
01028419
01028499
00000052
00800000
01028419
0000005c
00800000
01028419
0000005d
00800000
01028419
01028499
00000067
00800000
01028419
01028499
00000071
00800000
01028419
01028499
0000007b
00800000
01028399
01028419
01028499
00000085
00800000
01028399
01028419
01028499
0000008f
00800000
01028419
01028499
00000099
00800000
01028419
01028499
0000009a
00800000
01028419
000000a4
00800000
01028419
01028499
000000ae
00800000
01028419
000000b8
00800000
01028419
01028499
000000c2
00800000
01028419
01028499
000000cc
00800000
01028419
01028499
000000d7
00800000
01028419
000000e1
00800000
01028419
000000eb
00800000
01028399
01028419
000000f5
00800000
01028419
01028499
000000ff
00800000
01028419
01028499
00000109
00800000
01028399
01028419
00000114
00800000
01028419
01028499
0000011e
00800000
01028399
01028419
01028499
00000128
00800000
01028399
01028419
01028499
00000132
00800000
01028419
0000013c
00800000
01028399
01028419
00000146
00800000
01028419
01028499
00000151
00800000
01028419
0000015b
00800000
01028399
01028419
00000165
00800000
01028399
01028419
01028499
0000016f
00800000
01028399
01028419
00000179
00800000
01028419
01028499
00000183
00800000
01028419
0000018e
00800000
01028419
01028499
00000198
00800000
01028419
01028499
000001a2
00800000
01028419
01028499
000001ac
00800000
01028399
01028419
000001b6
00800000
01028419
01028499
000001c0
00800000
01028419
01028499
000001c1
00800000
01028419
01028499
000001cb
00800000
01028419
01028499
000001d5
00800000
01028419
01028499
000001df
00800000
01028419
01028499
000001e9
00800000
01028419
01028499
000001f3
00800000
01028419
01028499
000001fd
00800000
01028399
01028419
01028499
000001fe
00800000
01028419
01028499
00000208
00800000
01028419
01028499
00000212
00800000
01028419
01028499
0000021c
00800000
01028419
00000226
00800000
01028419
01028499
00000230
00800000
01028399
01028419
0000023b
00800000
01028419
01028499
00000245
00800000
01028399
01028419
01028499
0000024f
00800000
01028419
00000259
00800000
01028399
01028419
01028499
00000263
00800000
01028419
01028499
0000026d
00800000
01028419
01028499
00000278
00800000
01028399
01028419
01028499
00000282
00800000
01028419
0000028c
00800000
01028419
01028499
00000296
00800000
01028419
01028499
000002a0
00800000
01028399
01028419
000002aa
00800000
01028419
01028499
000002b5
00800000
01028419
000002bf
00800000
01028419
000002c9
00800000
01028419
01028499
000002d3
00800000
01028419
000002dd
00800000
01028419
000002e7
00800000
01028399
01028419
01028499
000002f2
00800000
01028419
01028499
000002fc
00800000
01028399
01028419
00000306
00800000
01028419
00000310
00800000
01028399
01028419
0000031a
00800000
01028419
01028499
00000324
00800000
01028419
01028499
00000325
00800000
01028399
01028419
01028499
0000032f
00800000
01028414
01028419
01028499
00000339
00800000
01028399
01028419
01028499
00000343
00800000
01028399
01028419
01028499
0000034d
00800000
01028399
01028419
01028499
00000357
00800000
01028399
01028419
00000361
00800000
01028399
01028419
01028499
00000362
00800000
01028399
01028419
01028499
0000036c
00800000
01028419
01028499
00000376
00800000
01028419
01028499
00000380
00800000
01028419
01028499
0000038a
00800000
01028399
01028419
01028499
00000394
00800000
01028419
01028499
0000039f
00800000
01028419
01028499
000003a9
00800000
01028419
000003b3
00800000
01028419
01028499
000003bd
00800000
01028419
000003c7
00800000
01028399
01028419
000003d1
00800000
01028414
01028419
01028499
000003dc
00800000
01028419
01028499
000003e6
00800000
01028419
01028499
000003f0
00800000
01028419
000003fa
00800000
01028399
01028419
00000404
00800000
01028399
01028419
01028499
0000040e
00800000
01028419
01028499
00000419
00800000
01028399
01028419
01028499
00000423
00800000
01028419
0000042d
00800000
01028399
01028419
01028499
00000437
00800000
01028399
01028419
01028499
00000441
00800000
01028419
01028499
0000044b
00800000
01028399
01028419
01028499
00000456
00800000
01028399
01028419
01028499
00000460
00800000
01028419
01028499
0000046a
00800000
01028419
00000474
00800000
01028419
01028499
0000047e
00800000
01028419
01028499
00000488
00800000
01028419
01028499
00000489
00800000
01028419
01028499
00000493
00800000
01028419
01028499
0000049d
00800000
01028419
000004a7
00800000
01028419
000004b1
00800000
01028419
000004bb
00800000
01028419
01028499
000004c5
00800000
01028419
01028499
000004c6
00800000
01028419
01028499
000004d0
00800000
01028419
01028499
000004da
00800000
01028399
01028414
01028419
01028499
000004e4
00800000
01028399
01028419
000004ee
00800000
01028399
01028419
01028499
000004f8
00800000
01028399
01028419
01028499
00000503
00800000
01028419
01028499
0000050d
00800000
01028399
01028419
01028499
00000517
00800000
01028399
01028419
01028499
00000521
00800000
01028419
01028499
0000052b
00800000
01028399
01028419
01028499
00000535
00800000
01028419
00000540
00800000
01028414
01028419
01028499
0000054a
00800000
01028419
01028499
00000554
00800000
01028419
01028499
0000055e
00800000
01028419
00000568
00800000
01028419
01028499
00000572
00800000
01028419
0000057d
00800000
01028399
01028419
01028499
00000587
00800000
01028399
01028414
01028419
01028499
00000591
00800000
01028399
01028419
01028499
0000059b
00800000
01028419
000005a5
00800000
01028419
000005af
00800000
01028399
01028419
01028499
000005ba
00800000
01028399
01028419
000005c4
00800000
01028399
01028419
000005ce
00800000
01028419
01028499
000005d8
00800000
01028419
01028499
000005e2
00800000
01028419
01028499
000005ec
00800000
01028419
01028499
000005ed
00800000
01028399
01028419
01028499
000005f7
00800000
01028419
01028499
00000601
00800000
01028399
01028419
0000060b
00800000
01028419
01028499
00000615
00800000
01028419
01028499
0000061f
00800000
01028419
00000629
00800000
01028399
01028419
01028499
0000062a
00800000
01028399
01028419
01028499
00000634
00800000
01028399
01028419
01028499
0000063e
00800000
01028399
01028419
01028499
00000648
00800000
01028419
01028499
00000652
00800000
01028419
01028499
0000065c
00800000
01028419
00000667
00800000
01028419
01028499
00000671
00800000
01028419
0000067b
00800000
01028399
01028419
01028499
00000685
00800000
01028419
01028499
0000068f
00800000
01028419
00000699
00800000
01028419
000006a4
00800000
01028419
01028499
000006ae
00800000
01028419
01028499
000006b8
00800000
01028419
01028499
000006c2
00800000
01028399
01028419
01028499
000006cc
00800000
01028399
01028419
01028499
000006d6
00800000
01028419
000006e1
00800000
01028419
01028499
000006eb
00800000
01028414
01028419
000006f5
00800000
01028419
000006ff
00800000
01028419
01028499
00000709
00800000
01028419
01028499
00000713
00800000
01028419
01028499
0000071e
00800000
01028419
01028499
00000728
00800000
01028399
01028419
01028499
00000732
00800000
01028399
01028419
01028499
0000073c
00800000
01028419
00000746
00800000
01028419
01028499
00000750
00800000
01028419
01028499
00000751
00800000
01028399
01028419
01028499
0000075b
00800000
01028419
00000765
00800000
01028419
01028499
0000076f
00800000
01028399
01028419
00000779
00800000
01028419
01028499
00000783
00800000
01028399
01028419
0000078d
00800000
01028399
01028419
01028499
0000078e
00800000
01028419
00000798
00800000
01028419
01028499
000007a2
00800000
01028419
01028499
000007ac
00800000
01028419
000007b6
00800000
01028414
01028419
01028499
000007c0
00800000
01028419
01028499
000007cb
00800000
01028399
01028419
01028499
000007d5
00800000
01028419
01028499
000007df
00800000
01028419
000007e9
00800000
01028419
01028499
000007f3
00800000
01028399
01028419
01028499
000007fd
00800000
01028399
01028419
00000808
00800000
01028419
01028499
00000812
00800000
01028399
01028414
01028419
01028499
0000081c
00800000
01028419
00000826
00800000
01028419
00000830
00800000
01028399
01028419
0000083a
00800000
01028399
01028419
00000845
00800000
01028399
01028419
01028499
0000084f
00800000
01028419
01028499
00000859
00800000
01028414
01028419
01028499
00000863
00800000
01028399
01028419
01028499
0000086d
00800000
01028399
01028419
01028499
00000877
00800000
01028419
01028499
00000882
00800000
01028419
01028499
0000088c
00800000
01028399
01028419
01028499
00000896
00800000
01028419
000008a0
00800000
01028419
000008aa
00800000
01028414
01028419
01028499
000008b4
00800000
01028414
01028419
01028499
000008b5
00800000
01028419
01028499
000008bf
00800000
01028399
01028419
01028499
000008c9
00800000
01028399
01028419
01028499
000008d3
00800000
01028419
01028499
000008dd
00800000
01028419
01028499
000008e7
00800000
01028419
01028499
000008f1
00800000
01028399
01028419
01028499
000008f2
00800000
01028399
01028419
01028499
000008fc
00800000
01028419
01028499
00000906
00800000
01028399
01028419
01028499
00000910
00800000
01028399
01028419
0000091a
00800000
01028399
01028419
01028499
00000924
00800000
01028399
01028419
01028499
0000092f
00800000
01028419
01028499
00000939
00800000
01028419
01028499
00000943
00800000
01028419
01028499
0000094d
00800000
01028399
01028419
01028499
00000957
00800000
01028399
01028419
00000961
00800000
01028419
0000096c
00800000
01028419
01028499
00000976
00800000
01028419
01028499
00000980
00800000
01028419
01028499
0000098a
00800000
01028419
01028499
00000994
00800000
01028419
01028499
0000099e
00800000
01028419
01028499
000009a9
00800000
01028399
01028419
000009b3
00800000
01028419
01028499
000009bd
00800000
01028399
01028419
01028499
000009c7
00800000
01028399
01028419
01028499
000009d1
00800000
01028399
01028419
01028499
000009db
00800000
01028419
01028499
000009e6
00800000
01028419
01028499
000009f0
00800000
01028419
01028499
000009fa
00800000
01028419
01028499
00000a04
00800000
01028399
01028419
00000a0e
00800000
01028419
01028499
00000a18
00800000
01028419
01028499
00000a19
00800000
01028419
00000a23
00800000
01028419
01028499
00000a2d
00800000
01028399
01028419
01028499
00000a37
00800000
01028419
01028499
00000a41
00800000
01028399
01028419
00000a4b
00800000
01028419
01028499
00000a55
00800000
01028419
01028499
00000a56
00800000
01028419
01028499
00000a60
00800000
01028419
01028499
00000a6a
00800000
01028419
01028499
00000a74
00800000
01028399
01028419
01028499
00000a7e
00800000
01028399
01028419
01028499
00000a88
00800000
01028399
01028419
01028499
00000a93
00800000
01028419
01028499
00000a9d
00800000
01028419
01028499
00000aa7
00800000
01028399
01028419
01028499
00000ab1
00800000
01028399
01028419
00000abb
00800000
01028419
01028499
00000ac5
00800000
01028419
01028499
00000ad0
00800000
01028419
00000ada
00800000
01028419
01028499
00000ae4
00800000
01028419
00000aee
00800000
01028399
01028419
01028499
00000af8
00800000
01028399
01028419
01028499
00000b02
00800000
01028399
01028419
01028499
00000b0d
00800000
01028419
01028499
00000b17
00800000
01028399
01028419
00000b21
00800000
01028399
01028419
01028499
00000b2b
00800000
01028399
01028419
01028499
00000b35
00800000
01028419
01028499
00000b3f
00800000
01028414
01028419
01028499
00000b4a
00800000
01028419
01028499
00000b54
00800000
01028399
01028419
01028499
00000b5e
00800000
01028399
01028419
01028499
00000b68
00800000
01028419
01028499
00000b72
00800000
01028419
00000b7c
00800000
01028419
00000b7d
00800000
01028419
00000b87
00800000
01028419
00000b91
00800000
01028399
01028419
00000b9b
00800000
01028419
00000ba5
00800000
01028399
01028419
00000baf
00800000
01028419
01028499
00000bb9
00800000
01028419
01028499
00000bba
00800000
01028399
01028419
01028499
00000bc4
00800000
01028419
01028499
00000bce
00800000
01028419
00000bd8
00800000
01028419
01028499
00000be2
00800000
01028419
00000bec
00800000
01028419
00000bf7
00800000
01028399
01028419
01028499
00000c01
00800000
01028399
01028419
01028499
00000c0b
00800000
01028399
01028419
01028499
00000c15
00800000
01028419
01028499
00000c1f
00800000
01028419
00000c29
00800000
01028399
01028419
01028499
00000c34
00800000
01028399
01028419
01028499
00000c3e
00800000
01028419
01028499
00000c48
00800000
01028419
01028499
00000c52
00800000
01028419
00000c5c
00800000
01028419
00000c66
00800000
01028419
01028499
00000c71
00800000
01028419
01028499
00000c7b
00800000
01028419
00000c85
00800000
01028399
01028419
01028499
00000c8f
00800000
01028419
00000c99
00800000
01028419
00000ca3
00800000
01028419
01028499
00000cae
00800000
01028419
01028499
00000cb8
00800000
01028419
01028499
00000cc2
00800000
01028419
01028499
00000ccc
00800000
01028399
01028419
01028499
00000cd6
00800000
01028419
01028499
00000ce0
00800000
01028419
01028499
00000ce1
00800000
01028419
01028499
00000ceb
00800000
01028419
01028499
00000cf5
00800000
01028419
00000cff
00800000
01028419
01028499
00000d09
00800000
01028419
01028499
00000d13
00800000
01028399
01028419
01028499
00000d1d
00800000
01028399
01028419
01028499
00000d1e
00800000
01028399
01028419
00000d28
00800000
01028419
01028499
00000d32
00800000
01028419
01028499
00000d3c
00800000
01028419
00000d46
00800000
01028399
01028419
00000d50
00800000
01028419
01028499
00000d5b
00800000
01028419
01028499
00000d65
00800000
01028419
01028499
00000d6f
00800000
01028399
01028419
01028499
00000d79
00800000
01028419
00000d83
00800000
01028419
01028499
00000d8d
00800000
01028419
01028499
00000d98
00800000
01028419
01028499
00000da2
00800000
01028399
01028414
01028419
01028499
00000dac
00800000
01028419
01028499
00000db6
00800000
01028419
00000dc0
00800000
01028419
00000dca
00800000
01028419
01028499
00000dd5
00800000
01028399
01028414
01028419
01028499
00000ddf
00800000
01028399
01028419
00000de9
00800000
01028419
01028499
00000df3
00800000
01028399
01028419
01028499
00000dfd
00800000
01028419
01028499
00000e07
00800000
01028419
01028499
00000e12
00800000
01028399
01028419
01028499
00000e1c
00800000
01028419
01028499
00000e26
00800000
01028399
01028419
01028499
00000e30
00800000
01028399
01028419
00000e3a
00800000
01028419
01028499
00000e44
00800000
01028419
00000e45
00800000
01028419
01028499
00000e4f
00800000
01028399
01028419
01028499
00000e59
00800000
01028419
00000e63
00800000
01028399
01028419
01028499
00000e6d
00800000
01028419
01028499
00000e77
00800000
01028399
01028419
01028499
00000e81
00800000
01028399
01028419
01028499
00000e82
00800000
01028419
00000e8c
00800000
01028419
01028499
00000e96
00800000
01028419
01028499
00000ea0
00800000
01028399
01028419
01028499
00000eaa
00800000
01028419
01028499
00000eb4
00800000
01028419
00000ebe
00800000
01028399
01028419
00000ebf
00800000
01028419
01028499
00000ec9
00800000
01028399
01028419
01028499
00000ed3
00800000
01028419
01028499
00000edd
00800000
01028419
00000ee7
00800000
01028419
01028499
00000ef1
00800000
01028419
00000efc
00800000
01028419
01028499
00000f06
00800000
01028419
01028499
00000f10
00800000
01028419
01028499
00000f1a
00800000
01028419
01028499
00000f24
00800000
01028399
01028419
00000f2e
00800000
01028399
01028414
01028419
01028499
00000f39
00800000
01028419
01028499
00000f43
00800000
01028399
01028419
01028499
00000f4d
00800000
01028419
00000f57
00800000
01028419
01028499
00000f61
00800000
01028419
00000f6b
00800000
01028414
01028419
01028499
00000f76
00800000
01028399
01028419
00000f80
00800000
01028419
01028499
00000f8a
00800000
01028399
01028419
01028499
00000f94
00800000
01028399
01028419
00000f9e
00800000
01028419
01028499
00000fa8
00800000
01028419
01028499
00000fa9
00800000
01028419
01028499
00000fb3
00800000
01028419
00000fbd
00800000
01028419
01028499
00000fc7
00800000
01028399
01028414
01028419
00000fd1
00800000
01028399
01028419
00000fdb
00800000
01028419
01028499
00000fe5
00800000
01028419
01028499
00000fe6
00800000
01028419
01028499
00000ff0
00800000
01028399
01028419
01028499
00000ffa
00800000
01028399
01028419
01028499
00001004
00800000
01028399
01028419
0000100e
00800000
01028399
01028419
01028499
00001018
00800000
01028419
00001022
00800000
01028399
01028414
01028419
01028499
00001023
00800000
01028419
01028499
0000102d
00800000
01028419
01028499
00001037
00800000
01028414
01028419
01028499
00001041
00800000
01028419
0000104b
00800000
01028419
01028499
00001055
00800000
01028419
01028499
00001060
00800000
01028419
01028499
0000106a
00800000
01028399
01028419
01028499
00001074
00800000
01028419
01028499
0000107e
00800000
01028419
00001088
00800000
01028399
01028419
00001092
00800000
01028419
01028499
0000109d
00800000
01028419
01028499
000010a7
00800000
01028419
01028499
000010b1
00800000
01028399
01028419
01028499
000010bb
00800000
01028419
01028499
000010c5
00800000
01028399
01028419
01028499
000010cf
00800000
01028399
01028419
01028499
000010da
00800000
01028399
01028419
01028499
000010e4
00800000
01028419
01028499
000010ee
00800000
01028419
01028499
000010f8
00800000
01028399
01028419
01028499
00001102
00800000
01028399
01028419
0000110c
00800000
01028399
01028419
0000110d
00800000
01028399
01028419
01028499
00001117
00800000
01028399
01028419
01028499
00001121
00800000
01028419
0000112b
00800000
01028419
00001135
00800000
01028419
01028499
0000113f
00800000
01028419
01028499
00001149
00800000
01028419
01028499
0000114a
00800000
01028399
01028419
01028499
00001154
00800000
01028414
01028419
01028499
0000115e
00800000
01028399
01028414
01028419
00001168
00800000
01028419
01028499
00001172
00800000
01028419
01028499
0000117c
00800000
01028419
00001186
00800000
01028399
01028419
00001187
00800000
01028419
00001191
00800000
01028419
0000119b
00800000
01028419
01028499
000011a5
00800000
01028419
01028499
000011af
00800000
01028399
01028419
01028499
000011b9
00800000
01028419
01028499
000011c4
00800000
01028419
01028499
000011ce
00800000
01028419
000011d8
00800000
01028399
01028419
01028499
000011e2
00800000
01028399
01028419
01028499
000011ec
00800000
01028399
01028419
000011f6
00800000
01028419
01028499
00001201
00800000
01028399
01028419
01028499
0000120b
00800000
01028399
01028419
01028499
00001215
00800000
01028399
01028419
0000121f
00800000
01028399
01028419
01028499
00001229
00800000
01028419
01028499
00001233
00800000
01028419
01028499
0000123e
00800000
01028399
01028419
00001248
00800000
01028419
01028499
00001252
00800000
01028399
01028419
0000125c
00800000
01028419
01028499
00001266
00800000
01028419
00001270
00800000
01028399
01028419
01028499
0000127b
00800000
01028419
00001285
00800000
01028419
01028499
0000128f
00800000
01028419
01028499
00001299
00800000
01028419
01028499
000012a3
00800000
01028419
01028499
000012ad
00800000
01028419
01028499
000012ae
00800000
01028419
01028499
000012b8
00800000
01028399
01028419
01028499
000012c2
00800000
01028419
01028499
000012cc
00800000
01028399
01028419
01028499
000012d6
00800000
01028399
01028419
000012e0
00800000
01028419
000012ea
00800000
01028419
01028499
000012eb
00800000
01028419
01028499
000012f5
00800000
01028419
01028499
000012ff
00800000
01028419
01028499
00001309
00800000
01028419
01028499
00001313
00800000
01028419
0000131d
00800000
01028399
01028419
01028499
00001328
00800000
01028399
01028419
01028499
00001332
00800000
01028419
0000133c
00800000
01028419
01028499
00001346
00800000
01028419
01028499
00001350
00800000
01028419
0000135a
00800000
01028399
01028419
00001365
00800000
01028419
01028499
0000136f
00800000
01028419
01028499
00001379
00800000
01028399
01028419
00001383
00800000
01028419
0000138d
00800000
01028419
00001397
00800000
01028419
01028499
000013a2
00800000
01028419
000013ac
00800000
01028419
000013b6
00800000
01028419
01028499
000013c0
00800000
01028419
000013ca
00800000
01028419
01028499
000013d4
00800000
01028419
000013d5
00800000
01028399
01028419
01028499
000013df
00800000
01028399
01028419
000013e9
00800000
01028399
01028419
000013f3
00800000
01028419
000013fd
00800000
01028399
01028419
01028499
00001407
00800000
01028419
01028499
00001411
00800000
01028419
01028499
00001412
00800000
01028419
01028499
0000141c
00800000
01028419
00001426
00800000
01028399
01028414
01028419
01028499
00001430
00800000
01028419
0000143a
00800000
01028419
01028499
00001444
00800000
01028419
0000144e
00800000
01028419
0000144f
00800000
01028419
00001459
00800000
01028419
01028499
00001463
00800000
01028399
01028419
0000146d
00800000
01028419
01028499
00001477
00800000
01028419
01028499
00001481
00800000
01028419
0000148c
00800000
01028399
01028419
01028499
00001496
00800000
01028399
01028419
000014a0
00800000
01028419
01028499
000014aa
00800000
01028419
01028499
000014b4
00800000
01028419
01028499
000014be
00800000
01028399
01028419
000014c9
00800000
01028419
01028499
000014d3
00800000
01028419
000014dd
00800000
01028419
000014e7
00800000
01028419
01028499
000014f1
00800000
01028419
000014fb
00800000
01028419
01028499
00001506
00800000
01028419
00001510
00800000
01028414
01028419
0000151a
00800000
01028414
01028419
00001524
00800000
01028399
01028419
0000152e
00800000
01028399
01028419
01028499
00001538
00800000
01028419
00001539
00800000
01028419
01028499
00001543
00800000
01028419
01028499
0000154d
00800000
01028399
01028419
01028499
00001557
00800000
01028399
01028419
00001561
00800000
01028419
0000156b
00800000
01028419
01028499
00001575
00800000
01028419
01028499
00001576
00800000
01028399
01028419
01028499
00001580
00800000
01028399
01028419
01028499
0000158a
00800000
01028399
01028419
01028499
00001594
00800000
01028399
01028419
01028499
0000159e
00800000
01028419
000015a8
00800000
01028419
000015b2
00800000
01028419
01028499
000015b3
00800000
01028399
01028419
01028499
000015bd
00800000
01028419
01028499
000015c7
00800000
01028399
01028419
01028499
000015d1
00800000
01028419
01028499
000015db
00800000
01028399
01028419
01028499
000015e5
00800000
01028399
01028419
01028499
000015f0
00800000
01028399
01028419
01028499
000015fa
00800000
01028419
00001604
00800000
01028419
01028499
0000160e
00800000
01028419
01028499
00001618
00800000
01028419
01028499
00001622
00800000
01028419
01028499
0000162d
00800000
01028419
00001637
00800000
01028419
00001641
00800000
01028419
01028499
0000164b
00800000
01028399
01028419
01028499
00001655
00800000
01028414
01028419
01028499
0000165f
00800000
01028399
01028419
0000166a
00800000
01028399
01028419
00001674
00800000
01028399
01028419
0000167e
00800000
01028399
01028419
00001688
00800000
01028419
01028499
00001692
00800000
01028419
01028499
0000169c
00800000
01028399
01028419
01028499
000016a7
00800000
01028414
01028419
01028499
000016b1
00800000
01028399
01028419
000016bb
00800000
01028399
01028419
000016c5
00800000
01028419
000016cf
00800000
01028419
01028499
000016d9
00800000
01028419
01028499
000016da
00800000
01028419
01028499
000016e4
00800000
01028419
000016ee
00800000
01028399
01028419
01028499
000016f8
00800000
01028414
01028419
00001702
00800000
01028419
0000170c
00800000
01028419
00001716
00800000
01028399
01028419
01028499
00001717
00800000
01028419
01028499
00001721
00800000
01028399
01028419
0000172b
00800000
01028419
01028499
00001735
00800000
01028419
01028499
0000173f
00800000
01028399
01028419
00001749
00800000
01028419
00001754
00800000
01028399
01028419
0000175e
00800000
01028419
00001768
00800000
01028419
01028499
00001772
00800000
01028419
0000177c
00800000
01028419
01028499
00001786
00800000
01028399
01028414
01028419
01028499
00001791
00800000
01028419
01028499
0000179b
00800000
01028419
01028499
000017a5
00800000
01028419
01028499
000017af
00800000
01028399
01028419
01028499
000017b9
00800000
01028414
01028419
000017c3
00800000
01028419
01028499
000017ce
00800000
01028414
01028419
01028499
000017d8
00800000
01028419
01028499
000017e2
00800000
01028419
01028499
000017ec
00800000
01028419
000017f6
00800000
01028419
01028499
00001800
00800000
01028399
01028419
01028499
0000180b
00800000
01028419
01028499
00001815
00800000
01028419
01028499
0000181f
00800000
01028419
01028499
00001829
00800000
01028399
01028414
01028419
01028499
00001833
00800000
01028414
01028419
01028499
0000183d
00800000
01028414
01028419
01028499
0000183e
00800000
01028419
00001848
00800000
01028399
01028419
01028499
00001852
00800000
01028399
01028419
01028499
0000185c
00800000
01028419
01028499
00001866
00800000
01028419
01028499
00001870
00800000
01028419
0000187a
00800000
01028419
01028499
0000187b
00800000
01028399
01028419
01028499
00001885
00800000
01028399
01028419
0000188f
00800000
01028399
01028419
01028499
00001899
00800000
01028419
000018a3
00800000
01028399
01028419
000018ad
00800000
01028419
01028499
000018b8
00800000
01028399
01028419
01028499
000018c2
00800000
01028419
01028499
000018cc
00800000
01028399
01028419
01028499
000018d6
00800000
01028419
01028499
000018e0
00800000
01028399
01028419
01028499
000018ea
00800000
01028419
01028499
000018f5
00800000
01028419
000018ff
00800000
01028419
01028499
00001909
00800000
01028419
01028499
00001913
00800000
01028419
0000191d
00800000
01028399
01028419
01028499
00001927
00800000
01028419
01028499
00001932
00800000
01028399
01028419
0000193c
00800000
01028419
00001946
00800000
01028399
01028419
01028499
00001950
00800000
01028419
01028499
0000195a
00800000
01028399
01028419
01028499
00001964
00800000
01028419
01028499
0000196f
00800000
01028419
00001979
00800000
01028419
01028499
00001983
00800000
01028419
0000198d
00800000
01028399
01028419
01028499
00001997
00800000
01028399
01028419
000019a1
00800000
01028399
01028419
000019a2
00800000
01028419
01028499
000019ac
00800000
01028419
01028499
000019b6
00800000
01028419
01028499
000019c0
00800000
01028419
01028499
000019ca
00800000
01028419
01028499
000019d4
00800000
01028399
01028419
000019de
00800000
01028399
01028419
000019df
00800000
01028419
01028499
000019e9
00800000
01028399
01028419
01028499
000019f3
00800000
01028399
01028419
01028499
000019fd
00800000
01028399
01028419
01028499
00001a07
00800000
01028419
01028499
00001a11
00800000
01028419
01028499
00001a1c
00800000
01028419
00001a26
00800000
01028399
01028419
01028499
00001a30
00800000
01028399
01028419
01028499
00001a3a
00800000
01028419
01028499
00001a44
00800000
01028399
01028419
01028499
00001a4e
00800000
01028399
01028419
01028499
00001a59
00800000
01028419
00001a63
00800000
01028419
01028499
00001a6d
00800000
01028399
01028419
01028499
00001a77
00800000
01028419
01028499
00001a81
00800000
01028399
01028419
01028499
00001a8b
00800000
01028419
01028499
00001a96
00800000
01028419
00001aa0
00800000
01028414
01028419
01028499
00001aaa
00800000
01028419
00001ab4
00800000
01028419
00001abe
00800000
01028419
01028499
00001ac8
00800000
01028399
01028419
01028499
00001ad3
00800000
01028399
01028419
00001add
00800000
01028419
01028499
00001ae7
00800000
01028419
00001af1
00800000
01028399
01028419
01028499
00001afb
00800000
01028399
01028419
00001b05
00800000
01028399
01028419
00001b06
00800000
01028399
01028419
01028499
00001b10
00800000
01028419
01028499
00001b1a
00800000
01028419
01028499
00001b24
00800000
01028399
01028419
01028499
00001b2e
00800000
01028419
01028499
00001b38
00800000
01028419
00001b42
00800000
01028419
00001b43
00800000
01028419
00001b4d
00800000
01028399
01028419
00001b57
00800000
01028399
01028419
01028499
00001b61
00800000
01028419
01028499
00001b6b
00800000
01028419
00001b75
00800000
01028419
01028499
00001b80
00800000
01028399
01028419
00001b8a
00800000
01028419
00001b94
00800000
01028419
01028499
00001b9e
00800000
01028419
01028499
00001ba8
00800000
01028399
01028419
01028499
00001bb2
00800000
01028414
01028419
01028499
00001bbd
00800000
01028419
01028499
00001bc7
00800000
01028399
01028419
00001bd1
00800000
01028419
01028499
00001bdb
00800000
01028419
00001be5
00800000
01028419
01028499
00001bef
00800000
01028419
00001bfa
00800000
01028399
01028419
01028499
00001c04
00800000
01028419
01028499
00001c0e
00800000
01028419
01028499
00001c18
00800000
01028419
00001c22
00800000
01028399
01028419
01028499
00001c2c
00800000
01028419
01028499
00001c37
00800000
01028419
01028499
00001c41
00800000
01028399
01028419
00001c4b
00800000
01028399
01028419
01028499
00001c55
00800000
01028419
01028499
00001c5f
00800000
01028399
01028419
01028499
00001c69
00800000
01028399
01028419
01028499
00001c6a
00800000
01028399
01028419
01028499
00001c74
00800000
01028419
01028499
00001c7e
00800000
01028399
01028419
01028499
00001c88
00800000
01028419
01028499
00001c92
00800000
01028399
01028419
00001c9c
00800000
01028419
00001ca6
00800000
01028399
01028419
00001ca7
00800000
01028419
01028499
00001cb1
00800000
01028419
00001cbb
00800000
01028399
01028419
01028499
00001cc5
00800000
01028399
01028414
01028419
01028499
00001ccf
00800000
01028419
01028499
00001cd9
00800000
01028399
01028419
01028499
00001ce4
00800000
01028399
01028419
01028499
00001cee
00800000
01028419
00001cf8
00800000
01028419
01028499
00001d02
00800000
01028419
01028499
00001d0c
00800000
01028419
00001d16
00800000
01028419
01028499
00001d21
00800000
01028419
01028499
00001d2b
00800000
01028419
01028499
00001d35
00800000
01028419
01028499
00001d3f
00800000
01028419
01028499
00001d49
00800000
01028419
00001d53
00800000
01028399
01028414
01028419
01028499
00001d5e
00800000
01028399
01028419
00001d68
00800000
01028419
01028499
00001d72
00800000
01028399
01028419
01028499
00001d7c
00800000
01028419
00001d86
00800000
01028399
01028419
00001d90
00800000
01028419
01028499
00001d9b
00800000
01028399
01028419
00001da5
00800000
01028419
01028499
00001daf
00800000
01028419
01028499
00001db9
00800000
01028419
00001dc3
00800000
01028419
01028499
00001dcd
00800000
01028419
00001dce
00800000
01028414
01028419
01028499
00001dd8
00800000
01028399
01028419
01028499
00001de2
00800000
01028419
01028499
00001dec
00800000
01028419
01028499
00001df6
00800000
01028399
01028419
01028499
00001e00
00800000
01028419
00001e0a
00800000
01028419
00001e0b
00800000
01028419
01028499
00001e15
00800000
01028419
01028499
00001e1f
00800000
01028419
01028499
00001e29
00800000
01028419
00001e33
00800000
01028399
01028419
01028499
00001e3d
00800000
01028419
01028499
00001e48
00800000
01028419
01028499
00001e52
00800000
01028419
01028499
00001e5c
00800000
01028419
01028499
00001e66
00800000
01028419
01028499
00001e70
00800000
01028419
01028499
00001e7a
00800000
01028419
00001e85
00800000
01028399
01028419
01028499
00001e8f
00800000
01028399
01028419
00001e99
00800000
01028419
00001ea3
00800000
01028399
01028419
00001ead
00800000
01028399
01028419
01028499
00001eb7
00800000
01028399
01028419
00001ec2
00800000
01028419
01028499
00001ecc
00800000
01028419
01028499
00001ed6
00800000
01028399
01028419
01028499
00001ee0
00800000
01028414
01028419
01028499
00001eea
00800000
01028419
00001ef4
00800000
01028419
00001eff
00800000
01028419
01028499
00001f09
00800000
01028419
01028499
00001f13
00800000
01028419
00001f1d
00800000
01028419
01028499
00001f27
00800000
01028399
01028419
01028499
00001f31
00800000
01028399
01028419
01028499
00001f32
00800000
01028399
01028419
00001f3c
00800000
01028399
01028419
01028499
00001f46
00800000
01028419
01028499
00001f50
00800000
01028419
00001f5a
00800000
01028399
01028419
01028499
00001f64
00800000
01028399
01028419
01028499
00001f6e
00800000
01028399
01028419
01028499
00001f6f
00800000
01028399
01028419
01028499
00001f79
00800000
01028399
01028419
00001f83
00800000
01028419
00001f8d
00800000
01028419
00001f97
00800000
01028419
01028499
00001fa1
00800000
01028419
01028499
00001fac
00800000
01028399
01028419
01028499
00001fb6
00800000
01028419
01028499
00001fc0
00800000
01028399
01028419
01028499
00001fca
00800000
01028399
01028419
01028499
00001fd4
00800000
01028419
01028499
00001fde
00800000
01028419
01028499
00001fe9
00800000
01028419
01028499
00001ff3
00800000
01028399
01028419
01028499
00001ffd
00800000
01028399
01028419
01028499
00002007
00800000
01028399
01028419
00002011
00800000
01028419
01028499
0000201b
00800000
01028419
01028499
00002026
00800000
01028419
00002030
00800000
01028419
01028499
0000203a
00800000
01028419
00002044
00800000
01028419
01028499
0000204e
00800000
01028414
01028419
01028499
00002058
00800000
01028399
01028419
01028499
00002063
00800000
01028419
0000206d
00800000
01028419
01028499
00002077
00800000
01028419
01028499
00002081
00800000
01028419
0000208b
00800000
01028419
01028499
00002095
00800000
01028419
01028499
00002096
00800000
01028419
01028499
000020a0
00800000
01028419
01028499
000020aa
00800000
01028419
01028499
000020b4
00800000
01028419
000020be
00800000
01028399
01028419
000020c8
00800000
01028419
01028499
000020d2
00800000
01028419
01028499
000020d3
00800000
01028419
01028499
000020dd
00800000
01028419
01028499
000020e7
00800000
01028419
01028499
000020f1
00800000
01028399
01028419
01028499
000020fb
00800000
01028419
01028499
00002105
00800000
01028419
00002110
00800000
01028419
01028499
0000211a
00800000
01028419
01028499
00002124
00800000
01028399
01028419
01028499
0000212e
00800000
01028399
01028419
01028499
00002138
00800000
01028399
01028419
00002142
00800000
01028419
0000214d
00800000
01028419
01028499
00002157
00800000
01028399
01028419
01028499
00002161
00800000
01028399
01028414
01028419
0000216b
00800000
01028419
00002175
00800000
01028419
01028499
0000217f
00800000
01028419
01028499
0000218a
00800000
01028419
00002194
00800000
01028399
01028419
01028499
0000219e
00800000
01028399
01028419
01028499
000021a8
00800000
01028419
01028499
000021b2
00800000
01028399
01028419
01028499
000021bc
00800000
01028399
01028419
01028499
000021c7
00800000
01028419
01028499
000021d1
00800000
01028419
000021db
00800000
01028399
01028419
01028499
000021e5
00800000
01028399
01028419
01028499
000021ef
00800000
01028419
01028499
000021f9
00800000
01028419
01028499
000021fa
00800000
01028399
01028419
01028499
00002204
00800000
01028399
01028419
0000220e
00800000
01028419
00002218
00800000
01028399
01028419
01028499
00002222
00800000
01028419
0000222c
00800000
01028419
01028499
00002236
00800000
01028419
01028499
00002237
00800000
01028419
01028499
00002241
00800000
01028419
01028499
0000224b
00800000
01028419
01028499
00002255
00800000
01028419
0000225f
00800000
01028399
01028419
00002269
00800000
01028419
00002273
00800000
01028399
01028419
01028499
00002274
00800000
01028399
01028419
01028499
0000227e
00800000
01028419
01028499
00002288
00800000
01028399
01028419
01028499
00002292
00800000
01028399
01028419
01028499
0000229c
00800000
01028419
01028499
000022a6
00800000
01028419
01028499
000022b1
00800000
01028419
01028499
000022bb
00800000
01028399
01028419
000022c5
00800000
01028399
01028419
000022cf
00800000
01028419
01028499
000022d9
00800000
01028419
01028499
000022e3
00800000
01028414
01028419
01028499
000022ee
00800000
01028419
01028499
000022f8
00800000
01028399
01028419
01028499
00002302
00800000
01028399
01028419
0000230c
00800000
01028419
00002316
00800000
01028399
01028419
01028499
00002320
00800000
01028414
01028419
0000232b
00800000
01028419
00002335
00800000
01028419
01028499
0000233f
00800000
01028419
01028499
00002349
00800000
01028419
01028499
00002353
00800000
01028419
01028499
0000235d
00800000
01028419
01028499
0000235e
00800000
01028399
01028419
00002368
00800000
01028419
00002372
00800000
01028419
01028499
0000237c
00800000
01028419
00002386
00800000
01028399
01028419
01028499
00002390
00800000
01028399
01028419
01028499
0000239a
00800000
01028399
01028419
01028499
0000239b
00800000
01028419
000023a5
00800000
01028419
01028499
000023af
00800000
01028419
000023b9
00800000
01028399
01028419
01028499
000023c3
00800000
01028419
01028499
000023cd
00800000
01028419
000023d7
00800000
01028419
000023d8
00800000
01028399
01028419
01028499
000023e2
00800000
01028419
000023ec
00800000
01028399
01028419
01028499
000023f6
00800000
01028399
01028419
00002400
00800000
01028419
01028499
0000240a
00800000
01028419
01028499
00002415
00800000
01028419
01028499
0000241f
00800000
01028419
01028499
00002429
00800000
01028419
00002433
00800000
01028419
01028499
0000243d
00800000
01028399
01028419
01028499
00002447
00800000
01028399
01028419
00002452
00800000
01028399
01028419
0000245c
00800000
01028419
00002466
00800000
01028419
01028499
00002470
00800000
01028399
01028419
01028499
0000247a
00800000
01028419
01028499
00002484
00800000
01028419
01028499
0000248f
00800000
01028399
01028419
01028499
00002499
00800000
01028399
01028419
01028499
000024a3
00800000
01028399
01028419
01028499
000024ad
00800000
01028399
01028419
000024b7
00800000
01028419
01028499
000024c1
00800000
01028419
000024c2
00800000
01028399
01028419
01028499
000024cc
00800000
01028419
000024d6
00800000
01028419
01028499
000024e0
00800000
01028399
01028419
01028499
000024ea
00800000
01028419
01028499
000024f4
00800000
01028419
01028499
000024fe
00800000
01028419
01028499
000024ff
00800000
01028419
01028499
00002509
00800000
01028399
01028419
01028499
00002513
00800000
01028419
0000251d
00800000
01028419
01028499
00002527
00800000
01028419
00002531
00800000
01028419
0000253b
00800000
01028419
0000253c
00800000
01028399
01028419
01028499
00002546
00800000
01028399
01028419
01028499
00002550
00800000
01028399
01028419
0000255a
00800000
01028419
01028499
00002564
00800000
01028419
01028499
0000256e
00800000
01028399
01028419
01028499
00002579
00800000
01028419
01028499
00002583
00800000
01028419
01028499
0000258d
00800000
01028419
01028499
00002597
00800000
01028399
01028419
000025a1
00800000
01028399
01028419
01028499
000025ab
00800000
01028419
01028499
000025b6
00800000
01028419
01028499
000025c0
00800000
01028419
01028499
000025ca
00800000
01028419
01028499
000025d4
00800000
01028419
000025de
00800000
01028419
000025e8
00800000
01028399
01028419
01028499
000025f3
00800000
01028419
000025fd
00800000
01028419
00002607
00800000
01028419
00002611
00800000
01028399
01028414
01028419
01028499
0000261b
00800000
01028399
01028419
01028499
00002625
00800000
01028399
01028419
01028499
00002626
00800000
01028399
01028419
01028499
00002630
00800000
01028419
0000263a
00800000
01028419
01028499
00002644
00800000
01028399
01028419
01028499
0000264e
00800000
01028399
01028419
01028499
00002658
00800000
01028419
01028499
00002662
00800000
01028419
01028499
00002663
00800000
01028399
01028414
01028419
01028499
0000266d
00800000
01028419
01028499
00002677
00800000
01028419
00002681
00800000
01028399
01028419
0000268b
00800000
01028419
01028499
00002695
00800000
01028419
0000269f
00800000
01028399
01028419
01028499
000026a0
00800000
01028399
01028419
01028499
000026aa
00800000
01028419
01028499
000026b4
00800000
01028419
01028499
000026be
00800000
01028399
01028419
01028499
000026c8
00800000
01028399
01028419
01028499
000026d2
00800000
01028399
01028419
000026dd
00800000
01028419
000026e7
00800000
01028419
01028499
000026f1
00800000
01028419
01028499
000026fb
00800000
01028419
00002705
00800000
01028419
01028499
