01028319
00000000
00800000
01028319
00000008
00800000
01028319
00000012
00800000
01028319
0000001c
00800000
01028319
00000026
00800000
01028319
00000031
00800000
01028319
0000003b
00800000
01028319
00000045
00800000
01028319
0000006e
00800000
01028319
00000078
00800000
01028319
0000008c
00800000
01028319
00000096
00800000
01028319
000000a0
00800000
01028319
000000b5
00800000
01028319
000000bf
00800000
01028319
000000c9
00800000
01028319
000000d3
00800000
01028319
000000dd
00800000
01028319
000000f2
00800000
01028319
000000fc
00800000
01028319
00000106
00800000
01028319
00000110
00800000
01028319
0000011a
00800000
01028319
00000125
00800000
01028319
0000012f
00800000
01028319
00000139
00800000
01028319
00000143
00800000
01028319
0000014d
00800000
01028319
00000157
00800000
01028319
00000158
00800000
01028319
00000162
00800000
01028319
0000016c
00800000
01028319
00000176
00800000
01028319
00000180
00800000
01028319
0000018a
00800000
01028319
0000019f
00800000
01028319
000001b3
00800000
01028319
000001bd
00800000
01028319
000001c7
00800000
01028319
000001d2
00800000
01028319
000001dc
00800000
01028319
000001e6
00800000
01028319
000001f0
00800000
01028319
000001fa
00800000
01028319
00000204
00800000
01028319
0000020f
00800000
01028319
00000223
00800000
01028319
00000237
00800000
01028319
00000241
00800000
01028319
0000024c
00800000
01028319
00000256
00800000
01028319
00000260
00800000
01028319
0000026a
00800000
01028319
00000274
00800000
01028319
00000289
00800000
01028319
00000293
00800000
01028319
0000029d
00800000
01028319
000002bb
00800000
01028319
000002bc
00800000
01028319
000002c6
00800000
01028319
000002d0
00800000
01028319
000002da
00800000
01028319
000002ee
00800000
01028319
000002f9
00800000
01028319
00000303
00800000
01028319
0000030d
00800000
01028319
00000317
00800000
01028319
0000032b
00800000
01028319
00000336
00800000
01028319
00000340
00800000
01028319
0000034a
00800000
01028319
00000354
00800000
01028319
0000035e
00800000
01028319
00000368
00800000
01028319
0000037d
00800000
01028319
00000387
00800000
01028319
00000391
00800000
01028319
000003a5
00800000
01028319
000003ba
00800000
01028319
000003c4
00800000
01028319
000003d8
00800000
01028319
000003e2
00800000
01028319
000003ed
00800000
01028319
000003f7
00800000
01028319
00000401
00800000
01028319
0000040b
00800000
01028319
00000415
00800000
01028319
0000041f
00800000
01028319
00000420
00800000
01028319
0000042a
00800000
01028319
00000434
00800000
01028319
0000043e
00800000
01028319
00000448
00800000
01028319
00000452
00800000
01028319
0000045c
00800000
01028319
0000045d
00800000
01028319
00000467
00800000
01028319
00000471
00800000
01028319
00000485
00800000
01028319
0000048f
00800000
01028319
000004a4
00800000
01028319
000004ae
00800000
01028319
000004c2
00800000
01028319
000004cc
00800000
01028319
000004d7
00800000
01028319
000004e1
00800000
01028319
000004ff
00800000
01028319
0000051e
00800000
01028319
00000528
00800000
01028319
00000532
00800000
01028319
0000053c
00800000
01028319
00000546
00800000
01028319
00000551
00800000
01028319
0000055b
00800000
01028319
00000565
00800000
01028319
0000056f
00800000
01028319
00000579
00800000
01028319
00000583
00800000
01028319
00000584
00800000
01028319
0000058e
00800000
01028319
00000598
00800000
01028319
000005a2
00800000
01028319
000005ac
00800000
01028319
000005b6
00800000
01028319
000005c0
00800000
01028319
000005c1
00800000
01028319
000005cb
00800000
01028319
000005d5
00800000
01028319
000005df
00800000
01028319
000005e9
00800000
01028319
000005f3
00800000
01028319
000005fe
00800000
01028319
00000608
00800000
01028319
00000612
00800000
01028319
00000626
00800000
01028319
00000630
00800000
01028319
0000063b
00800000
01028319
00000659
00800000
01028319
00000663
00800000
01028319
0000066d
00800000
01028319
00000678
00800000
01028319
00000682
00800000
01028319
0000068c
00800000
01028319
00000696
00800000
01028319
000006a0
00800000
01028319
000006aa
00800000
01028319
000006b5
00800000
01028319
000006bf
00800000
01028319
000006c9
00800000
01028319
000006d3
00800000
01028319
000006dd
00800000
01028319
000006e7
00800000
01028319
000006e8
00800000
01028319
000006f2
00800000
01028319
000006fc
00800000
01028319
00000706
00800000
01028319
00000710
00800000
01028319
0000071a
00800000
01028319
00000724
00800000
01028319
00000725
00800000
01028319
0000072f
00800000
01028319
00000739
00800000
01028319
00000743
00800000
01028319
0000074d
00800000
01028319
00000757
00800000
01028319
00000762
00800000
01028319
0000076c
00800000
01028319
00000776
00800000
01028319
00000780
00800000
01028319
00000794
00800000
01028319
0000079f
00800000
01028319
000007a9
00800000
01028319
000007b3
00800000
01028319
000007bd
00800000
01028319
000007c7
00800000
01028319
000007d1
00800000
01028319
000007dc
00800000
01028319
000007e6
00800000
01028319
000007f0
00800000
01028319
000007fa
00800000
01028319
00000804
00800000
01028319
0000080e
00800000
01028319
00000819
00800000
01028319
00000823
00800000
01028319
0000082d
00800000
01028319
00000837
00800000
01028319
00000841
00800000
01028319
0000084b
00800000
01028319
0000084c
00800000
01028319
00000856
00800000
01028319
00000860
00800000
01028319
0000086a
00800000
01028319
0000087e
00800000
01028319
00000888
00800000
01028319
00000889
00800000
01028319
00000893
00800000
01028319
0000089d
00800000
01028319
000008a7
00800000
01028319
000008b1
00800000
01028319
000008bb
00800000
01028319
000008c6
00800000
01028319
000008d0
00800000
01028319
000008da
00800000
01028319
000008e4
00800000
01028319
000008ee
00800000
01028319
000008f8
00800000
01028319
00000903
00800000
01028319
0000090d
00800000
01028319
0000092b
00800000
01028319
00000935
00800000
01028319
00000940
00800000
01028319
0000094a
00800000
01028319
00000954
00800000
01028319
0000095e
00800000
01028319
00000968
00800000
01028319
00000972
00800000
01028319
0000097d
00800000
01028319
00000987
00800000
01028319
00000991
00800000
01028319
0000099b
00800000
01028319
000009a5
00800000
01028319
000009af
00800000
01028319
000009b0
00800000
01028319
000009ba
00800000
01028319
000009ce
00800000
01028319
000009d8
00800000
01028319
000009e2
00800000
01028319
000009ec
00800000
01028319
000009ed
00800000
01028319
000009f7
00800000
01028319
00000a01
00800000
01028319
00000a15
00800000
01028319
00000a1f
00800000
01028319
00000a2a
00800000
01028319
00000a34
00800000
01028319
00000a3e
00800000
01028319
00000a48
00800000
01028319
00000a52
00800000
01028319
00000a5c
00800000
01028319
00000a67
00800000
01028319
00000a71
00800000
01028319
00000a85
00800000
01028319
00000a8f
00800000
01028319
00000a99
00800000
01028319
00000aa4
00800000
01028319
00000aae
00800000
01028319
00000ac2
00800000
01028319
00000acc
00800000
01028319
00000ad6
00800000
01028319
00000ae1
00800000
01028319
00000aeb
00800000
01028319
00000af5
00800000
01028319
00000aff
00800000
01028319
00000b09
00800000
01028319
00000b13
00800000
01028319
00000b14
00800000
01028319
00000b1e
00800000
01028319
00000b28
00800000
01028319
00000b46
00800000
01028319
00000b5b
00800000
01028319
00000b65
00800000
01028319
00000b6f
00800000
01028319
00000b79
00800000
01028319
00000b83
00800000
01028319
00000b8e
00800000
01028319
00000b98
00800000
01028319
00000bac
00800000
01028319
00000bb6
00800000
01028319
00000bc0
00800000
01028319
00000bd5
00800000
01028319
00000bdf
00800000
01028319
00000be9
00800000
01028319
00000bf3
00800000
01028319
00000bfd
00800000
01028319
00000c08
00800000
01028319
00000c12
00800000
01028319
00000c1c
00800000
01028319
00000c3a
00800000
01028319
00000c45
00800000
01028319
00000c4f
00800000
01028319
00000c59
00800000
01028319
00000c63
00800000
01028319
00000c6d
00800000
01028319
00000c77
00800000
01028319
00000c78
00800000
01028319
00000c82
00800000
01028319
00000c96
00800000
01028319
00000ca0
00800000
01028319
00000caa
00800000
01028319
00000cb4
00800000
01028319
00000cb5
00800000
01028319
00000cbf
00800000
01028319
00000cc9
00800000
01028319
00000cd3
00800000
01028319
00000cdd
00800000
01028319
00000ce7
00800000
01028319
00000cf2
00800000
01028319
00000cfc
00800000
01028319
00000d06
00800000
01028319
00000d10
00800000
01028319
00000d1a
00800000
01028319
00000d24
00800000
01028319
00000d2f
00800000
01028319
00000d39
00800000
01028319
00000d43
00800000
01028319
00000d4d
00800000
01028319
00000d57
00800000
01028319
00000d61
00800000
01028319
00000d6c
00800000
01028319
00000d76
00800000
01028319
00000d80
00800000
01028319
00000d8a
00800000
01028319
00000d94
00800000
01028319
00000d9e
00800000
01028319
00000da9
00800000
01028319
00000db3
00800000
01028319
00000dbd
00800000
01028319
00000dc7
00800000
01028319
00000dd1
00800000
01028319
00000ddb
00800000
01028319
00000ddc
00800000
01028319
00000de6
00800000
01028319
00000df0
00800000
01028319
00000dfa
00800000
01028319
00000e04
00800000
01028319
00000e0e
00800000
01028319
00000e23
00800000
01028319
00000e2d
00800000
01028319
00000e37
00800000
01028319
00000e41
00800000
01028319
00000e4b
00800000
01028319
00000e56
00800000
01028319
00000e60
00800000
01028319
00000e6a
00800000
01028319
00000e74
00800000
01028319
00000e88
00800000
01028319
00000e93
00800000
01028319
00000e9d
00800000
01028319
00000ea7
00800000
01028319
00000eb1
00800000
01028319
00000ebb
00800000
01028319
00000ec5
00800000
01028319
00000ed0
00800000
01028319
00000eda
00800000
01028319
00000ee4
00800000
01028319
00000eee
00800000
01028319
00000ef8
00800000
01028319
00000f02
00800000
01028319
00000f0d
00800000
01028319
00000f17
00800000
01028319
00000f21
00800000
01028319
00000f2b
00800000
01028319
00000f35
00800000
01028319
00000f3f
00800000
01028319
00000f40
00800000
01028319
00000f4a
00800000
01028319
00000f5e
00800000
01028319
00000f68
00800000
01028319
00000f72
00800000
01028319
00000f7c
00800000
01028319
00000f7d
00800000
01028319
00000f87
00800000
01028319
00000f91
00800000
01028319
00000f9b
00800000
01028319
00000fa5
00800000
01028319
00000faf
00800000
01028319
00000fba
00800000
01028319
00000fc4
00800000
01028319
00000fce
00800000
01028319
00000fd8
00800000
01028319
00000fe2
00800000
01028319
00000ff7
00800000
01028319
00001001
00800000
01028319
0000100b
00800000
01028319
00001015
00800000
01028319
0000101f
00800000
01028319
00001029
00800000
01028319
00001034
00800000
01028319
0000103e
00800000
01028319
00001048
00800000
01028319
00001052
00800000
01028319
00001066
00800000
01028319
00001071
00800000
01028319
00001085
00800000
01028319
000010a3
00800000
01028319
000010a4
00800000
01028319
000010ae
00800000
01028319
000010b8
00800000
01028319
000010cc
00800000
01028319
000010d6
00800000
01028319
000010e0
00800000
01028319
000010e1
00800000
01028319
000010eb
00800000
01028319
000010f5
00800000
01028319
000010ff
00800000
01028319
00001109
00800000
01028319
00001113
00800000
01028319
0000111e
00800000
01028319
00001128
00800000
01028319
00001132
00800000
01028319
0000113c
00800000
01028319
00001146
00800000
01028319
00001150
00800000
01028319
0000116f
00800000
01028319
00001179
00800000
01028319
00001183
00800000
01028319
0000118d
00800000
01028319
00001198
00800000
01028319
000011a2
00800000
01028319
000011ac
00800000
01028319
000011b6
00800000
01028319
000011c0
00800000
01028319
000011ca
00800000
01028319
000011d5
00800000
01028319
000011df
00800000
01028319
000011e9
00800000
01028319
000011f3
00800000
01028319
000011fd
00800000
01028319
00001212
00800000
01028319
0000121c
00800000
01028319
00001226
00800000
01028319
00001230
00800000
01028319
0000123a
00800000
01028319
00001244
00800000
01028319
00001245
00800000
01028319
0000124f
00800000
01028319
00001259
00800000
01028319
00001263
00800000
01028319
0000126d
00800000
01028319
00001277
00800000
01028319
00001282
00800000
01028319
0000128c
00800000
01028319
00001296
00800000
01028319
000012a0
00800000
01028319
000012aa
00800000
01028319
000012b4
00800000
01028319
000012bf
00800000
01028319
000012c9
00800000
01028319
000012d3
00800000
01028319
000012dd
00800000
01028319
000012f1
00800000
01028319
000012fc
00800000
01028319
00001306
00800000
01028319
00001310
00800000
01028319
0000131a
00800000
01028319
00001324
00800000
01028319
0000132e
00800000
01028319
00001339
00800000
01028319
00001343
00800000
01028319
0000134d
00800000
01028319
00001357
00800000
01028319
00001361
00800000
01028319
0000136b
00800000
01028319
00001376
00800000
01028319
00001380
00800000
01028319
0000138a
00800000
01028319
00001394
00800000
01028319
0000139e
00800000
01028319
000013b3
00800000
01028319
000013bd
00800000
01028319
000013c7
00800000
01028319
000013d1
00800000
01028319
000013e6
00800000
01028319
000013fa
00800000
01028319
00001404
00800000
01028319
0000140e
00800000
01028319
00001418
00800000
01028319
00001423
00800000
01028319
0000142d
00800000
01028319
00001441
00800000
01028319
0000144b
00800000
01028319
00001455
00800000
01028319
00001460
00800000
01028319
00001474
00800000
01028319
0000147e
00800000
01028319
00001488
00800000
01028319
00001492
00800000
01028319
0000149d
00800000
01028319
000014b1
00800000
01028319
000014bb
00800000
01028319
000014c5
00800000
01028319
000014cf
00800000
01028319
000014da
00800000
01028319
000014e4
00800000
01028319
000014ee
00800000
01028319
000014f8
00800000
01028319
00001502
00800000
01028319
0000150c
00800000
01028319
0000150d
00800000
01028319
00001521
00800000
01028319
0000152b
00800000
01028319
00001535
00800000
01028319
0000153f
00800000
01028319
00001549
00800000
01028319
0000154a
00800000
01028319
00001554
00800000
01028319
0000155e
00800000
01028319
00001568
00800000
01028319
00001572
00800000
01028319
0000157c
00800000
01028319
00001587
00800000
01028319
00001591
00800000
01028319
0000159b
00800000
01028319
000015a5
00800000
01028319
000015af
00800000
01028319
000015b9
00800000
01028319
000015c4
00800000
01028319
000015ce
00800000
01028319
000015e2
00800000
01028319
000015ec
00800000
01028319
000015f6
00800000
01028319
00001601
00800000
01028319
0000160b
00800000
01028319
00001615
00800000
01028319
0000161f
00800000
01028319
00001629
00800000
01028319
00001633
00800000
01028319
0000163e
00800000
01028319
00001648
00800000
01028319
0000165c
00800000
01028319
00001666
00800000
01028319
00001670
00800000
01028319
00001671
00800000
01028319
00001685
00800000
01028319
0000168f
00800000
01028319
000016a3
00800000
01028319
000016ae
00800000
01028319
000016b8
00800000
01028319
000016c2
00800000
01028319
000016cc
00800000
01028319
000016d6
00800000
01028319
000016e0
00800000
01028319
000016eb
00800000
01028319
000016f5
00800000
01028319
000016ff
00800000
01028319
00001709
00800000
01028319
00001713
00800000
01028319
0000171d
00800000
01028319
00001728
00800000
01028319
00001732
00800000
01028319
00001746
00800000
01028319
00001750
00800000
01028319
00001765
00800000
01028319
0000176f
00800000
01028319
00001779
00800000
01028319
00001783
00800000
01028319
0000178d
00800000
01028319
000017a2
00800000
01028319
000017ac
00800000
01028319
000017b6
00800000
01028319
000017c0
00800000
01028319
000017ca
00800000
01028319
000017d4
00800000
01028319
000017d5
00800000
01028319
000017df
00800000
01028319
000017e9
00800000
01028319
000017f3
00800000
01028319
000017fd
00800000
01028319
00001807
00800000
01028319
00001812
00800000
01028319
0000181c
00800000
01028319
00001826
00800000
01028319
00001830
00800000
01028319
0000183a
00800000
01028319
00001844
00800000
01028319
0000184f
00800000
01028319
00001859
00800000
01028319
0000186d
00800000
01028319
00001877
00800000
01028319
00001881
00800000
01028319
0000188c
00800000
01028319
00001896
00800000
01028319
000018a0
00800000
01028319
000018aa
00800000
01028319
000018b4
00800000
01028319
000018be
00800000
01028319
000018c9
00800000
01028319
000018d3
00800000
01028319
000018f1
00800000
01028319
000018fb
00800000
01028319
00001906
00800000
01028319
00001910
00800000
01028319
0000191a
00800000
01028319
00001924
00800000
01028319
00001938
00800000
01028319
00001939
00800000
01028319
00001943
00800000
01028319
00001957
00800000
01028319
00001961
00800000
01028319
0000196b
00800000
01028319
00001975
00800000
01028319
00001976
00800000
01028319
00001980
00800000
01028319
00001994
00800000
01028319
0000199e
00800000
01028319
000019a8
00800000
01028319
000019b3
00800000
01028319
000019bd
00800000
01028319
000019c7
00800000
01028319
000019d1
00800000
01028319
000019db
00800000
01028319
000019e5
00800000
01028319
000019f0
00800000
01028319
000019fa
00800000
01028319
00001a04
00800000
01028319
00001a0e
00800000
01028319
00001a18
00800000
01028319
00001a22
00800000
01028319
00001a2d
00800000
01028319
00001a41
00800000
01028319
00001a4b
00800000
01028319
00001a55
00800000
01028319
00001a6a
00800000
01028319
00001a74
00800000
01028319
00001a7e
00800000
01028319
00001a88
00800000
01028319
00001a92
00800000
01028319
00001aa7
00800000
01028319
00001ab1
00800000
01028319
00001ac5
00800000
01028319
00001acf
00800000
01028319
00001ad9
00800000
01028319
00001ada
00800000
01028319
00001ae4
00800000
01028319
00001aee
00800000
01028319
00001af8
00800000
01028319
00001b02
00800000
01028319
00001b0c
00800000
01028319
00001b21
00800000
01028319
00001b2b
00800000
01028319
00001b35
00800000
01028319
00001b3f
00800000
01028319
00001b49
00800000
01028319
00001b54
00800000
01028319
00001b5e
00800000
01028319
00001b7c
00800000
01028319
00001b86
00800000
01028319
00001b91
00800000
01028319
00001b9b
00800000
01028319
00001ba5
00800000
01028319
00001baf
00800000
01028319
00001bb9
00800000
01028319
00001bc3
00800000
01028319
00001bce
00800000
01028319
00001bd8
00800000
01028319
00001be2
00800000
01028319
00001bec
00800000
01028319
00001bf6
00800000
01028319
00001c00
00800000
01028319
00001c01
00800000
01028319
00001c0b
00800000
01028319
00001c15
00800000
01028319
00001c1f
00800000
01028319
00001c29
00800000
01028319
00001c33
00800000
01028319
00001c3d
00800000
01028319
00001c3e
00800000
01028319
00001c48
00800000
01028319
00001c52
00800000
01028319
00001c5c
00800000
01028319
00001c66
00800000
01028319
00001c70
00800000
01028319
00001c99
00800000
01028319
00001ca3
00800000
01028319
00001cad
00800000
01028319
00001cb8
00800000
01028319
00001cc2
00800000
01028319
00001cd6
00800000
01028319
00001ce0
00800000
01028319
00001cea
00800000
01028319
00001cf5
00800000
01028319
00001cff
00800000
01028319
00001d09
00800000
01028319
00001d13
00800000
01028319
00001d27
00800000
01028319
00001d32
00800000
01028319
00001d3c
00800000
01028319
00001d46
00800000
01028319
00001d50
00800000
01028319
00001d5a
00800000
01028319
00001d64
00800000
01028319
00001d65
00800000
01028319
00001d6f
00800000
01028319
00001d79
00800000
01028319
00001d83
00800000
01028319
00001d8d
00800000
01028319
00001d97
00800000
01028319
00001da1
00800000
01028319
00001da2
00800000
01028319
00001db6
00800000
01028319
00001dc0
00800000
01028319
00001dca
00800000
01028319
00001ddf
00800000
01028319
00001de9
00800000
01028319
00001df3
00800000
01028319
00001dfd
00800000
01028319
00001e11
00800000
01028319
00001e1c
00800000
01028319
00001e26
00800000
01028319
00001e30
00800000
01028319
00001e3a
00800000
01028319
00001e44
00800000
01028319
00001e4e
00800000
01028319
00001e59
00800000
01028319
00001e63
00800000
01028319
00001e6d
00800000
01028319
00001e77
00800000
01028319
00001e81
00800000
01028319
00001e8b
00800000
01028319
00001e96
00800000
01028319
00001ea0
00800000
01028319
00001eb4
00800000
01028319
00001ebe
00800000
01028319
00001ec8
00800000
01028319
00001ec9
00800000
01028319
00001ed3
00800000
01028319
00001edd
00800000
01028319
00001ee7
00800000
01028319
00001ef1
00800000
01028319
00001efb
00800000
01028319
00001f10
00800000
01028319
00001f24
00800000
01028319
00001f2e
00800000
01028319
00001f43
00800000
01028319
00001f4d
00800000
01028319
00001f57
00800000
01028319
00001f61
00800000
01028319
00001f6b
00800000
01028319
00001f75
00800000
01028319
00001f80
00800000
01028319
00001f8a
00800000
01028319
00001f94
00800000
01028319
00001f9e
00800000
01028319
00001fa8
00800000
01028319
00001fc7
00800000
01028319
00001fd1
00800000
01028319
00001fdb
00800000
01028319
00001fe5
00800000
01028319
00001fef
00800000
01028319
00002004
00800000
01028319
00002018
00800000
01028319
0000202c
00800000
01028319
0000202d
00800000
01028319
00002037
00800000
01028319
00002041
00800000
01028319
0000204b
00800000
01028319
00002055
00800000
01028319
0000205f
00800000
01028319
00002069
00800000
01028319
0000206a
00800000
01028319
00002074
00800000
01028319
00002088
00800000
01028319
00002092
00800000
01028319
0000209c
00800000
01028319
000020a7
00800000
01028319
000020bb
00800000
01028319
000020c5
00800000
01028319
000020cf
00800000
01028319
000020d9
00800000
01028319
000020ee
00800000
01028319
000020f8
00800000
01028319
00002102
00800000
01028319
0000210c
00800000
01028319
00002116
00800000
01028319
00002121
00800000
01028319
0000212b
00800000
01028319
00002135
00800000
01028319
0000213f
00800000
01028319
00002153
00800000
01028319
0000215e
00800000
01028319
00002168
00800000
01028319
00002172
00800000
01028319
0000217c
00800000
01028319
00002186
00800000
01028319
00002190
00800000
01028319
00002191
00800000
01028319
0000219b
00800000
01028319
000021a5
00800000
01028319
000021b9
00800000
01028319
000021c3
00800000
01028319
000021cd
00800000
01028319
000021ce
00800000
01028319
000021d8
00800000
01028319
000021e2
00800000
01028319
000021ec
00800000
01028319
000021f6
00800000
01028319
0000220b
00800000
01028319
00002215
00800000
01028319
0000221f
00800000
01028319
00002229
00800000
01028319
00002233
00800000
01028319
0000223d
00800000
01028319
00002248
00800000
01028319
00002252
00800000
01028319
00002270
00800000
01028319
00002285
00800000
01028319
0000228f
00800000
01028319
00002299
00800000
01028319
000022ad
00800000
01028319
000022c2
00800000
01028319
000022cc
00800000
01028319
000022d6
00800000
01028319
000022e0
00800000
01028319
000022ea
00800000
01028319
000022f4
00800000
01028319
00002309
00800000
01028319
00002313
00800000
01028319
0000231d
00800000
01028319
00002327
00800000
01028319
00002331
00800000
01028319
00002332
00800000
01028319
00002346
00800000
01028319
00002350
00800000
01028319
0000235a
00800000
01028319
00002364
00800000
01028319
0000236f
00800000
01028319
00002379
00800000
01028319
00002383
00800000
01028319
0000238d
00800000
01028319
00002397
00800000
01028319
000023a1
00800000
01028319
000023ac
00800000
01028319
000023ca
00800000
01028319
000023d4
00800000
01028319
000023de
00800000
01028319
000023e9
00800000
01028319
000023f3
00800000
01028319
000023fd
00800000
01028319
00002407
00800000
01028319
00002411
00800000
01028319
0000241b
00800000
01028319
00002426
00800000
01028319
00002430
00800000
01028319
0000243a
00800000
01028319
00002444
00800000
01028319
0000244e
00800000
01028319
00002458
00800000
01028319
00002459
00800000
01028319
00002463
00800000
01028319
00002477
00800000
01028319
00002481
00800000
01028319
0000248b
00800000
01028319
00002495
00800000
01028319
00002496
00800000
01028319
000024a0
00800000
01028319
000024aa
00800000
01028319
000024b4
00800000
01028319
000024be
00800000
01028319
000024c8
00800000
01028319
000024d3
00800000
01028319
000024e7
00800000
01028319
000024f1
00800000
01028319
000024fb
00800000
01028319
00002505
00800000
01028319
00002510
00800000
01028319
0000251a
00800000
01028319
00002524
00800000
01028319
0000252e
00800000
01028319
00002538
00800000
01028319
00002542
00800000
01028319
00002557
00800000
01028319
00002561
00800000
01028319
0000256b
00800000
01028319
00002575
00800000
01028319
0000257f
00800000
01028319
0000258a
00800000
01028319
00002594
00800000
01028319
0000259e
00800000
01028319
000025a8
00800000
01028319
000025b2
00800000
01028319
000025bc
00800000
01028319
000025c7
00800000
01028319
000025d1
00800000
01028319
000025db
00800000
01028319
000025e5
00800000
01028319
000025ef
00800000
01028319
000025f9
00800000
01028319
000025fa
00800000
01028319
00002604
00800000
01028319
0000260e
00800000
01028319
00002618
00800000
01028319
00002622
00800000
01028319
0000262c
00800000
01028319
00002637
00800000
01028319
00002641
00800000
01028319
0000264b
00800000
01028319
0000265f
00800000
01028319
00002669
00800000
01028319
00002674
00800000
01028319
00002688
00800000
01028319
00002692
00800000
01028319
0000269c
00800000
01028319
000026a6
00800000
01028319
000026b1
00800000
01028319
000026bb
00800000
01028319
000026c5
00800000
01028319
000026d9
00800000
01028319
000026e3
00800000
01028319
000026ee
00800000
01028319
000026f8
00800000
01028319
00002702
00800000
01028319
