01028099
01028115
0102811b
01028197
0102819b
010281a1
01028217
0102821d
01028297
0102829f
0102830c
01028317
0102831f
01028321
0102838c
01028397
0102839f
010283a3
01028417
0102841f
01028421
0102848c
01028497
0102849b
010284a1
01028516
0102851b
01028591
0102859a
01028614
01028619
00000000
00800000
01028499
00000007
00800000
01028399
0000001c
00800000
0102831a
0102841a
00000026
00800000
01028492
00000030
00800000
0102829a
0000003a
00800000
01028414
00000044
00800000
01028414
00000045
00800000
01028312
01028414
0000004f
00800000
01028392
01028399
00000059
00800000
01028414
0102841a
00000063
00800000
01028211
01028399
0000006d
00800000
01028414
00000081
00800000
01028414
00000082
00800000
01028314
0000008c
00800000
01028414
00000096
00800000
01028314
01028414
01028494
000000a0
00800000
01028399
01028414
000000aa
00800000
01028299
000000b4
00800000
0102829a
000000bf
00800000
01028219
01028399
000000c9
00800000
0102841a
000000dd
00800000
01028399
01028414
000000e7
00800000
01028414
000000f1
00800000
01028414
000000fc
00800000
01028219
00000106
00800000
0102829b
01028312
00000110
00800000
01028399
01028414
0000011a
00800000
0102839c
01028414
00000124
00800000
01028211
0000012e
00800000
0102829a
0102841a
00000139
00800000
01028414
0000014d
00800000
01028399
00000157
00800000
0102829b
0102841a
00000161
00800000
0102829a
01028314
00000180
00800000
01028414
0000018a
00800000
01028219
00000194
00800000
01028314
0000019e
00800000
01028399
000001a8
00800000
01028299
01028392
01028414
000001b3
00800000
01028399
01028414
000001bd
00800000
01028299
01028316
000001c7
00800000
0102831a
01028399
000001db
00800000
0102831a
000001e5
00800000
01028219
0102831a
000001e6
00800000
01028392
01028414
000001f0
00800000
01028294
01028414
000001fa
00800000
01028399
00000204
00800000
01028414
0000020e
00800000
01028394
00000218
00800000
01028219
00000223
00800000
01028414
0000022d
00800000
01028399
00000237
00800000
01028299
00000241
00800000
01028399
01028414
01028514
0000024b
00800000
01028414
00000255
00800000
01028414
00000260
00800000
01028312
01028399
00000274
00800000
01028419
0000027e
00800000
01028414
00000288
00800000
01028414
00000292
00800000
01028399
01028414
0000029d
00800000
01028219
01028314
000002a7
00800000
01028399
000002b1
00800000
0102829a
000002bb
00800000
01028219
000002cf
00800000
01028414
000002e4
00800000
01028399
000002ee
00800000
01028219
0102829a
01028399
01028414
000002f8
00800000
01028299
00000302
00800000
0102829a
01028491
00000317
00800000
01028299
01028399
00000321
00800000
01028399
0000032b
00800000
0102831a
01028414
00000335
00800000
01028414
0000033f
00800000
01028299
0000034a
00800000
01028314
01028399
01028414
00000354
00800000
0102829a
00000368
00800000
0102841a
00000372
00800000
01028392
01028414
0000037c
00800000
01028219
0000039b
00800000
01028219
01028312
01028414
0102841a
000003b9
00800000
0102829a
01028414
000003c4
00800000
01028399
0102841a
000003ce
00800000
0102829a
01028314
01028414
000003e2
00800000
01028414
000003ec
00800000
01028312
01028414
000003f6
00800000
01028219
01028399
01028414
00000401
00800000
01028312
0000040b
00800000
01028399
00000415
00800000
01028392
01028399
00000429
00800000
01028211
0102829a
00000433
00800000
01028414
0000043e
00800000
01028314
00000448
00800000
01028399
00000452
00800000
01028414
00000466
00800000
0102841a
00000470
00800000
01028414
0000047b
00800000
01028414
0000048f
00800000
01028299
00000499
00800000
01028299
01028414
000004a3
00800000
01028219
000004ad
00800000
01028214
01028219
000004ae
00800000
01028219
01028399
000004b8
00800000
01028219
01028399
000004c2
00800000
01028312
000004cc
00800000
01028292
01028399
01028414
000004d6
00800000
01028314
01028392
01028399
01028491
000004eb
00800000
0102829a
01028414
00000509
00800000
01028414
00000528
00800000
0102841a
00000532
00800000
01028414
0000053c
00800000
01028399
01028414
00000546
00800000
01028514
00000550
00800000
01028414
0000055a
00800000
0102829a
01028414
01028494
0000056f
00800000
01028414
00000583
00800000
01028392
00000597
00800000
01028414
000005a2
00800000
01028399
000005ac
00800000
01028211
01028219
000005b6
00800000
01028219
000005c0
00800000
0102829a
01028396
01028399
01028414
000005ca
00800000
01028399
01028414
000005d4
00800000
01028399
01028414
000005d5
00800000
0102829a
01028312
01028399
000005df
00800000
01028414
000005e9
00800000
01028219
01028414
000005f3
00800000
01028211
01028414
00000607
00800000
01028299
0102831c
01028392
01028414
00000611
00800000
01028299
0102831c
01028392
01028414
00000612
00800000
01028414
0000061c
00800000
01028219
00000626
00800000
01028299
00000630
00800000
01028314
01028414
0000063a
00800000
01028219
01028399
0000064f
00800000
01028299
01028314
01028514
00000659
00800000
01028392
01028414
00000663
00800000
01028414
0000066d
00800000
01028219
01028399
01028414
00000677
00800000
01028312
01028419
00000681
00800000
01028414
000006aa
00800000
01028414
000006b4
00800000
01028219
01028414
000006c9
00800000
0102829a
000006e7
00800000
0102831a
0102841a
000006f1
00800000
01028414
00000706
00800000
01028399
00000710
00800000
01028399
00000724
00800000
0102841c
0000072e
00800000
01028392
01028414
00000738
00800000
01028414
00000739
00800000
01028414
0000074d
00800000
01028399
00000757
00800000
01028314
01028399
01028414
00000761
00800000
01028414
0000076b
00800000
01028399
01028414
00000775
00800000
01028399
01028414
00000776
00800000
01028219
0000078a
00800000
0102829a
0102831c
01028399
00000794
00800000
01028399
0000079e
00800000
01028414
0102841a
000007a8
00800000
01028219
01028414
000007b3
00800000
0102831a
01028399
000007bd
00800000
01028219
000007c7
00800000
01028399
000007d1
00800000
01028219
01028312
01028399
01028414
000007db
00800000
0102829a
01028314
01028414
000007e5
00800000
01028399
01028414
000007fa
00800000
01028514
00000804
00800000
01028316
01028414
0000080e
00800000
01028414
00000818
00800000
0102841a
00000822
00800000
01028414
0000082d
00800000
01028299
0102831a
01028414
00000841
00800000
01028414
0000084b
00800000
01028219
01028399
01028414
00000855
00800000
01028399
01028414
01028419
01028514
0000085f
00800000
01028314
0000086a
00800000
01028314
0102831a
00000874
00800000
01028291
0000087e
00800000
01028414
00000892
00800000
01028492
0000089c
00800000
01028392
000008a7
00800000
01028399
01028414
000008bb
00800000
0102829b
000008c5
00800000
01028219
01028392
01028414
000008d9
00800000
01028219
01028392
01028414
000008da
00800000
01028219
0102829a
000008e4
00800000
01028399
000008ee
00800000
01028211
01028219
000008f8
00800000
01028299
01028392
01028414
00000902
00800000
01028414
0000090c
00800000
01028399
01028414
00000917
00800000
01028399
00000921
00800000
01028219
0000092b
00800000
01028399
01028414
00000935
00800000
01028219
0102831a
01028399
00000949
00800000
01028219
01028314
01028414
01028419
00000954
00800000
01028392
00000972
00800000
01028294
00000986
00800000
01028414
000009a5
00800000
01028414
000009af
00800000
01028414
0102841a
000009b9
00800000
01028414
000009c3
00800000
01028392
01028399
01028414
000009ce
00800000
01028399
01028414
000009d8
00800000
0102831a
01028414
000009e2
00800000
01028414
000009ec
00800000
01028414
000009f6
00800000
01028414
00000a00
00800000
01028414
00000a0b
00800000
01028312
01028414
00000a15
00800000
01028414
00000a1f
00800000
01028314
01028399
00000a33
00800000
01028399
00000a48
00800000
01028314
00000a52
00800000
01028299
00000a5c
00800000
01028414
00000a66
00800000
01028414
0102841a
00000a70
00800000
01028399
01028414
00000a7b
00800000
01028399
00000a85
00800000
0102829a
01028314
0102831a
00000a8f
00800000
01028219
01028414
00000a99
00800000
01028219
01028314
00000aa3
00800000
0102829a
01028399
01028491
00000aad
00800000
01028219
0102829a
01028399
01028414
00000ab8
00800000
01028299
01028414
00000aea
00800000
01028214
01028414
00000af5
00800000
01028414
01028514
00000aff
00800000
01028414
00000b09
00800000
01028399
00000b13
00800000
01028514
00000b1d
00800000
01028414
01028514
00000b27
00800000
0102849b
00000b3c
00800000
01028312
01028414
00000b50
00800000
01028299
01028414
00000b5a
00800000
0102829a
01028392
01028414
00000b64
00800000
01028299
01028312
01028392
01028399
01028414
00000b6f
00800000
01028211
0102829a
01028312
01028414
00000b83
00800000
01028414
00000b8d
00800000
01028414
01028419
00000b97
00800000
0102829a
01028414
00000ba1
00800000
0102829a
01028414
00000ba2
00800000
0102831c
01028399
01028414
00000bb6
00800000
0102829a
01028314
01028399
01028414
01028419
00000bc0
00800000
0102831a
01028392
00000bca
00800000
01028394
01028414
00000bd4
00800000
0102829a
01028414
00000bdf
00800000
01028392
00000be9
00800000
01028394
00000bf3
00800000
01028414
00000bfd
00800000
01028219
00000c07
00800000
01028312
01028392
00000c11
00800000
0102829a
01028314
01028399
01028414
0102841a
00000c26
00800000
01028299
01028419
00000c44
00800000
01028299
0102841a
00000c59
00800000
01028314
01028399
01028414
00000c63
00800000
01028414
00000c6d
00800000
01028414
00000c77
00800000
0102829a
00000ca0
00800000
01028312
01028414
00000caa
00800000
01028399
00000cb4
00800000
01028399
01028414
00000cbe
00800000
01028414
0102841a
00000cc8
00800000
01028414
00000cd3
00800000
01028394
00000cdd
00800000
01028219
00000ce7
00800000
01028219
01028399
0102841b
00000cf1
00800000
01028392
01028414
00000d05
00800000
01028392
01028414
00000d06
00800000
01028399
01028414
00000d10
00800000
01028399
0102841a
00000d1a
00800000
0102829b
01028414
00000d24
00800000
01028414
00000d2e
00800000
0102829a
01028414
00000d38
00800000
0102829a
01028312
01028399
00000d43
00800000
0102831a
01028392
01028414
01028514
00000d4d
00800000
01028219
00000d57
00800000
01028291
01028392
01028399
00000d61
00800000
01028392
01028414
00000d6b
00800000
0102831a
01028399
01028414
00000d75
00800000
01028399
00000d80
00800000
01028414
00000d8a
00800000
01028414
00000d94
00800000
01028399
00000d9e
00800000
01028399
00000da8
00800000
01028414
00000db2
00800000
01028392
01028414
00000ddb
00800000
01028211
0102829a
0102831c
01028399
01028419
00000de5
00800000
01028414
00000def
00800000
01028219
00000dfa
00800000
01028314
00000e04
00800000
01028314
00000e0e
00800000
01028219
0102829a
01028394
01028414
00000e18
00800000
01028414
0102841c
00000e22
00800000
01028414
00000e2c
00800000
01028414
00000e37
00800000
01028414
00000e41
00800000
01028399
01028414
01028514
00000e55
00800000
0102831a
00000e5f
00800000
01028299
01028392
01028414
00000e69
00800000
01028299
01028392
01028414
00000e6a
00800000
0102829a
01028399
01028414
00000e74
00800000
01028219
01028314
01028414
00000e88
00800000
0102831a
00000e92
00800000
01028414
00000e9c
00800000
01028399
00000ea7
00800000
01028414
0102841a
00000eb1
00800000
01028214
01028314
01028394
00000ebb
00800000
01028414
00000ec5
00800000
01028219
00000ecf
00800000
0102831a
01028414
00000ee4
00800000
01028392
01028414
0102841a
00000eee
00800000
01028312
00000ef8
00800000
01028399
01028414
00000f16
00800000
0102829a
01028399
00000f21
00800000
01028414
00000f2b
00800000
01028314
01028399
00000f3f
00800000
01028414
00000f53
00800000
01028219
00000f5e
00800000
0102829a
01028399
00000f68
00800000
01028111
01028292
0102829a
01028314
00000f72
00800000
0102841a
00000f7c
00800000
01028399
01028414
00000f86
00800000
01028399
00000fa5
00800000
01028399
00000faf
00800000
01028414
00000fb9
00800000
01028414
0102841a
00000fc3
00800000
01028314
01028399
00000fcd
00800000
01028314
01028399
00000fce
00800000
0102829a
01028414
01028419
01028514
00000fd8
00800000
01028414
00000fe2
00800000
01028399
00000fec
00800000
0102829a
01028414
00000ff6
00800000
01028414
00001000
00800000
01028414
0000100a
00800000
01028414
0000100b
00800000
01028214
00001015
00800000
01028399
0000101f
00800000
01028292
01028314
00001029
00800000
01028219
01028312
00001033
00800000
01028414
01028491
0000103d
00800000
0102841a
00001048
00800000
01028399
00001052
00800000
01028219
0000105c
00800000
01028394
01028414
00001066
00800000
01028414
00001070
00800000
01028392
01028414
00001085
00800000
01028399
01028414
0000108f
00800000
01028392
00001099
00800000
01028392
000010ad
00800000
01028299
01028414
000010b7
00800000
01028399
01028414
01028494
000010c2
00800000
01028211
01028414
000010cc
00800000
01028414
000010d6
00800000
01028414
000010e0
00800000
01028414
01028494
000010ea
00800000
01028414
01028514
000010ff
00800000
01028399
00001109
00800000
01028414
00001113
00800000
0102829a
01028414
0000111d
00800000
01028219
01028414
00001127
00800000
01028399
00001131
00800000
01028399
00001132
00800000
01028399
01028414
0000113c
00800000
0102829a
00001150
00800000
01028219
0102829a
0000115a
00800000
01028211
01028414
0000116f
00800000
01028399
01028414
00001179
00800000
01028192
01028399
00001183
00800000
0102829a
0102831a
01028414
01028419
0000118d
00800000
01028414
000011a1
00800000
01028414
0102841c
000011ac
00800000
01028399
01028414
000011b6
00800000
0102831a
000011ca
00800000
0102829a
01028414
000011d4
00800000
01028292
01028414
000011de
00800000
01028314
01028414
000011e9
00800000
01028414
000011f3
00800000
0102829a
01028399
000011fd
00800000
0102829a
01028414
00001207
00800000
0102829a
01028414
00001211
00800000
01028414
0000121b
00800000
01028312
01028414
0102841c
00001230
00800000
01028219
0102829a
00001244
00800000
0102829a
00001258
00800000
01028399
00001281
00800000
01028392
00001295
00800000
01028392
00001296
00800000
0102829a
01028314
01028399
000012a0
00800000
01028414
000012aa
00800000
01028312
000012b4
00800000
0102829a
000012c8
00800000
01028399
000012d2
00800000
01028399
000012d3
00800000
01028414
000012dd
00800000
0102829a
000012e7
00800000
01028291
01028399
01028414
000012f1
00800000
01028414
000012fb
00800000
01028399
01028414
00001305
00800000
01028312
01028414
00001310
00800000
01028314
0000131a
00800000
01028414
00001324
00800000
01028399
01028414
00001338
00800000
01028414
0000134d
00800000
01028399
00001357
00800000
0102829a
01028314
01028414
00001361
00800000
01028299
01028314
01028392
01028414
0000136b
00800000
01028492
00001375
00800000
0102829a
0000137f
00800000
01028414
0000138a
00800000
01028219
01028314
01028394
00001394
00800000
0102831a
01028399
0000139e
00800000
01028399
01028414
01028499
01028514
000013a8
00800000
01028394
000013b2
00800000
01028219
000013bc
00800000
01028399
000013c7
00800000
01028219
000013d1
00800000
01028312
000013db
00800000
01028314
000013e5
00800000
0102831a
01028414
000013ef
00800000
01028414
000013f9
00800000
01028414
000013fa
00800000
01028414
0000140e
00800000
0102829a
01028414
00001418
00800000
01028314
01028414
00001422
00800000
0102831a
01028399
01028514
0000142c
00800000
01028414
00001436
00800000
01028414
00001437
00800000
01028211
01028414
00001441
00800000
0102829a
01028399
0000144b
00800000
0102829a
01028312
0102831a
01028399
01028414
00001455
00800000
01028399
0102841a
0000147e
00800000
01028414
00001488
00800000
01028312
01028399
00001492
00800000
01028392
0000149c
00800000
0102831a
000014a6
00800000
01028314
000014b1
00800000
01028414
000014bb
00800000
0102829a
01028314
000014cf
00800000
01028219
01028414
000014d9
00800000
01028414
000014e3
00800000
0102831a
01028414
000014ee
00800000
01028219
000014f8
00800000
0102831a
00001502
00800000
0102829a
01028414
0000150c
00800000
01028299
00001516
00800000
01028099
01028299
01028414
00001520
00800000
01028299
00001535
00800000
01028219
0102831a
0000153f
00800000
01028314
00001553
00800000
0102831a
01028399
0000155d
00800000
01028399
0000155e
00800000
0102831a
01028399
01028414
00001568
00800000
01028314
01028394
01028414
00001572
00800000
01028414
0000157c
00800000
0102829a
01028399
00001586
00800000
0102829a
0102831a
00001590
00800000
0102829a
01028399
0000159a
00800000
0102829a
01028399
0000159b
00800000
01028211
01028312
01028392
000015b9
00800000
01028219
01028414
000015cd
00800000
01028414
000015d8
00800000
01028214
01028294
01028392
000015e2
00800000
01028399
000015f6
00800000
01028414
00001600
00800000
01028211
01028312
0000160a
00800000
01028219
01028399
00001615
00800000
0102831a
01028414
0000161f
00800000
0102829a
01028312
01028392
00001629
00800000
0102831a
01028414
00001633
00800000
01028219
0000163d
00800000
01028219
00001647
00800000
01028499
0000165c
00800000
01028399
01028414
00001666
00800000
01028414
00001670
00800000
01028312
01028499
0000167a
00800000
01028414
000016a3
00800000
01028314
000016ad
00800000
01028414
01028419
000016c1
00800000
01028414
01028419
000016c2
00800000
01028314
000016cc
00800000
01028299
01028314
01028399
01028514
000016d6
00800000
0102829a
01028399
01028414
0102849a
000016ea
00800000
01028399
000016f4
00800000
01028399
01028414
000016fe
00800000
01028399
01028414
000016ff
00800000
01028314
01028414
00001713
00800000
01028312
01028414
00001727
00800000
01028414
0102841a
00001731
00800000
01028399
01028414
00001746
00800000
01028414
0102841a
00001750
00800000
01028399
0000175a
00800000
0102851a
00001764
00800000
0102829a
01028414
00001779
00800000
01028219
01028414
0000178d
00800000
01028219
00001797
00800000
01028414
01028419
000017a1
00800000
01028114
000017ab
00800000
01028219
000017b6
00800000
01028399
000017c0
00800000
01028414
000017ca
00800000
01028514
000017de
00800000
0102831a
01028414
000017fd
00800000
0102829a
01028399
00001811
00800000
01028399
0000181b
00800000
01028314
00001825
00800000
01028314
00001826
00800000
0102841c
00001830
00800000
01028414
0000183a
00800000
01028414
0000184e
00800000
0102831a
00001858
00800000
01028414
00001862
00800000
01028414
00001863
00800000
01028299
0000186d
00800000
01028291
01028399
00001877
00800000
01028314
01028414
00001881
00800000
01028414
0000188b
00800000
0102829a
01028414
00001895
00800000
01028414
000018aa
00800000
0102829a
000018b4
00800000
01028219
01028414
01028514
000018d2
00800000
0102831a
01028399
01028414
000018dd
00800000
01028219
01028314
01028414
000018e7
00800000
0102841a
01028514
000018f1
00800000
01028414
01028499
00001905
00800000
01028399
0000190f
00800000
01028399
0000191a
00800000
01028314
01028392
01028414
00001924
00800000
01028414
0000192e
00800000
01028414
01028419
00001942
00800000
01028399
00001957
00800000
01028399
01028414
00001961
00800000
01028414
0000196b
00800000
01028399
01028414
0102841d
00001975
00800000
0102831a
01028414
0000197f
00800000
01028399
01028414
00001989
00800000
01028219
00001994
00800000
0102841a
0000199e
00800000
01028312
01028414
000019a8
00800000
01028399
000019b2
00800000
0102829a
01028414
000019bc
00800000
0102829a
01028399
000019c6
00800000
0102829a
01028399
000019c7
00800000
01028414
000019d1
00800000
01028294
01028414
000019db
00800000
01028399
01028414
0102841a
000019e5
00800000
01028399
01028419
000019ef
00800000
01028414
000019f9
00800000
01028316
01028399
00001a04
00800000
01028414
00001a0e
00800000
01028219
01028399
00001a18
00800000
01028414
00001a22
00800000
01028314
01028399
01028414
00001a36
00800000
01028399
0102849a
00001a41
00800000
01028399
00001a4b
00800000
01028414
00001a55
00800000
01028219
01028299
01028399
01028414
00001a73
00800000
01028214
0102831a
01028414
00001a88
00800000
01028394
01028399
00001a92
00800000
01028299
01028316
0102841a
00001a9c
00800000
01028291
00001aa6
00800000
01028219
01028312
0102831a
01028399
01028414
00001ab0
00800000
0102819a
0102829a
01028399
01028414
00001abb
00800000
01028399
00001ac5
00800000
01028299
01028414
00001acf
00800000
0102829a
00001ad9
00800000
0102829a
01028399
01028414
01028419
00001aed
00800000
0102829a
01028399
00001aee
00800000
01028399
01028414
00001af8
00800000
01028414
01028514
00001b02
00800000
01028414
00001b0c
00800000
0102829a
00001b16
00800000
0102831a
01028392
01028414
00001b2a
00800000
0102831a
01028392
01028414
00001b2b
00800000
0102841a
00001b35
00800000
01028399
01028414
00001b3f
00800000
01028414
00001b49
00800000
01028414
00001b53
00800000
01028414
00001b5d
00800000
01028399
01028414
00001b68
00800000
0102829a
00001b72
00800000
01028392
01028399
01028414
01028514
00001b7c
00800000
01028399
00001b90
00800000
0102829a
00001b9a
00800000
01028314
01028414
00001ba5
00800000
01028312
01028414
01028499
00001bb9
00800000
01028399
00001bcd
00800000
01028314
00001bd7
00800000
01028414
00001be2
00800000
0102829a
00001bec
00800000
01028414
00001c00
00800000
01028314
01028419
00001c0a
00800000
0102829a
01028414
00001c14
00800000
01028414
00001c1f
00800000
01028392
01028414
00001c33
00800000
01028414
00001c3d
00800000
01028219
01028314
01028414
00001c51
00800000
01028414
00001c52
00800000
01028399
01028414
00001c5c
00800000
0102831a
00001c66
00800000
01028211
01028399
01028414
00001c70
00800000
01028219
0102829a
00001c7a
00800000
01028312
01028419
00001c84
00800000
01028399
01028419
00001c99
00800000
0102829a
01028414
0102841a
00001ca3
00800000
01028219
00001cb7
00800000
01028314
01028414
00001cc1
00800000
01028414
00001ccc
00800000
01028299
01028514
00001cd6
00800000
01028414
00001cea
00800000
01028211
01028312
01028399
01028414
00001cf4
00800000
01028219
01028299
01028314
01028399
01028414
01028494
00001cfe
00800000
01028399
01028414
00001d09
00800000
01028414
00001d13
00800000
01028392
00001d1d
00800000
01028211
00001d27
00800000
0102829a
01028414
00001d31
00800000
0102841a
00001d3b
00800000
01028414
00001d46
00800000
01028399
01028414
00001d50
00800000
0102829c
01028312
01028414
01028419
00001d5a
00800000
01028399
00001d64
00800000
01028399
00001d83
00800000
0102829a
00001d8d
00800000
01028299
00001d97
00800000
01028399
01028414
01028514
00001da1
00800000
01028312
0102831c
01028399
01028414
00001db5
00800000
01028312
01028399
00001db6
00800000
01028399
00001dc0
00800000
0102829a
01028414
00001dca
00800000
0102841a
00001dd4
00800000
01028399
00001dde
00800000
01028414
00001de8
00800000
0102831a
01028392
01028414
00001df2
00800000
0102831a
01028392
01028414
00001df3
00800000
01028414
00001dfd
00800000
01028399
00001e07
00800000
01028399
00001e11
00800000
01028399
00001e1b
00800000
01028314
00001e25
00800000
01028399
00001e30
00800000
01028399
00001e3a
00800000
01028399
00001e44
00800000
0102829a
00001e4e
00800000
01028414
00001e58
00800000
01028414
00001e62
00800000
01028299
01028314
01028414
00001e81
00800000
01028211
00001e8b
00800000
01028219
00001e95
00800000
0102829a
01028414
00001e9f
00800000
01028314
00001eaa
00800000
01028414
00001eb4
00800000
0102831a
00001ebe
00800000
01028294
00001ec8
00800000
01028314
00001ed2
00800000
0102829a
00001edc
00800000
01028399
01028414
00001ef1
00800000
01028291
01028392
00001efb
00800000
01028399
00001f0f
00800000
01028414
00001f19
00800000
01028399
01028414
00001f2e
00800000
01028399
00001f4c
00800000
01028399
00001f56
00800000
01028399
00001f57
00800000
01028312
00001f61
00800000
0102829b
01028414
00001f6b
00800000
01028316
01028399
00001f75
00800000
01028414
00001f7f
00800000
01028294
01028314
01028399
01028414
00001f89
00800000
01028392
01028414
00001f94
00800000
01028414
00001f9e
00800000
0102829a
01028399
01028414
00001fa8
00800000
01028299
00001fb2
00800000
01028414
00001fbc
00800000
01028111
01028399
00001fd1
00800000
01028414
00001fdb
00800000
01028514
00001fef
00800000
01028211
01028414
00001ff9
00800000
01028214
01028292
01028314
0000200e
00800000
01028299
0102831a
00002018
00800000
01028394
00002022
00800000
01028392
0000202c
00800000
01028214
00002036
00800000
0102829a
01028414
00002040
00800000
01028399
0000204b
00800000
01028294
01028399
0102841a
00002055
00800000
01028414
0000207d
00800000
01028392
00002092
00800000
01028399
01028414
0000209c
00800000
0102829a
01028312
000020a6
00800000
01028399
000020b0
00800000
0102841a
000020ba
00800000
0102841a
000020bb
00800000
01028399
000020c5
00800000
0102829a
01028312
01028399
01028414
000020cf
00800000
01028414
000020d9
00800000
0102841a
000020e3
00800000
01028314
01028414
000020ed
00800000
01028211
01028219
01028312
01028414
000020f8
00800000
01028399
00002102
00800000
01028399
01028514
0000210c
00800000
01028414
00002116
00800000
01028211
01028399
01028414
00002120
00800000
01028414
0102841a
0000212a
00800000
0102829a
01028312
0102831a
0000213f
00800000
01028514
00002149
00800000
01028414
00002153
00800000
01028312
0000217c
00800000
01028219
0102829a
01028414
00002186
00800000
01028399
01028414
00002190
00800000
01028414
0000219a
00800000
01028219
0102829a
000021af
00800000
01028414
000021c3
00800000
0102829b
01028399
01028414
000021cd
00800000
0102829a
01028414
000021ec
00800000
01028414
000021f6
00800000
01028399
0000220a
00800000
0102829a
01028314
00002214
00800000
01028414
00002229
00800000
01028414
00002233
00800000
01028219
0000223d
00800000
01028312
00002247
00800000
01028299
01028314
01028414
00002251
00800000
01028394
01028399
01028414
0000225c
00800000
01028314
01028399
00002266
00800000
01028399
01028414
0000227a
00800000
01028299
01028314
01028414
00002284
00800000
01028312
0102831a
01028414
0000228e
00800000
01028299
01028414
00002299
00800000
01028414
000022a3
00800000
01028314
01028414
000022ad
00800000
01028399
01028514
000022b7
00800000
01028414
000022c1
00800000
01028399
01028414
000022cb
00800000
01028114
000022d6
00800000
01028211
01028414
000022e0
00800000
0102829a
000022f4
00800000
01028414
00002308
00800000
01028399
00002313
00800000
01028211
01028291
01028314
0000231d
00800000
01028414
00002331
00800000
01028399
0000233b
00800000
01028399
01028414
00002345
00800000
01028414
00002350
00800000
01028514
0000235a
00800000
01028219
00002364
00800000
01028399
0000236e
00800000
01028219
01028392
01028414
00002378
00800000
01028399
01028514
00002382
00800000
01028399
01028514
00002383
00800000
01028414
00002397
00800000
01028399
01028414
000023a1
00800000
0102831a
000023ab
00800000
01028399
01028414
000023b5
00800000
01028419
000023c0
00800000
01028414
000023ca
00800000
01028414
000023d4
00800000
01028414
000023de
00800000
0102841a
000023e8
00800000
01028314
01028414
000023f2
00800000
01028392
01028414
000023fd
00800000
01028314
0102831a
00002411
00800000
01028314
0000241b
00800000
01028314
01028414
0000242f
00800000
01028211
01028314
0000243a
00800000
01028399
01028414
00002444
00800000
0102829a
0102831a
00002458
00800000
01028314
01028414
00002462
00800000
01028312
01028414
00002477
00800000
01028399
0000248b
00800000
0102831a
01028399
01028419
000024a9
00800000
01028414
000024be
00800000
01028414
000024c8
00800000
0102829a
000024d2
00800000
01028414
000024e6
00800000
01028414
000024e7
00800000
0102829a
01028414
000024fb
00800000
01028399
01028414
00002505
00800000
01028312
01028399
0000250f
00800000
0102831c
0102839c
00002524
00800000
01028399
01028414
00002538
00800000
01028414
00002542
00800000
01028399
01028414
0000254c
00800000
01028399
01028414
01028419
00002556
00800000
01028414
00002561
00800000
0102831e
01028414
01028419
0000256b
00800000
01028314
01028399
00002575
00800000
01028299
01028414
0000257f
00800000
01028399
01028414
00002589
00800000
01028414
000025a8
00800000
01028399
01028414
000025b2
00800000
0102829a
01028314
0102831a
01028399
01028414
0102841a
000025bc
00800000
0102829a
01028399
000025c6
00800000
0102831a
01028414
01028494
000025d0
00800000
01028399
01028514
000025db
00800000
01028399
000025e5
00800000
0102831a
000025f9
00800000
01028219
01028314
01028414
0102841a
00002603
00800000
01028312
01028392
01028399
01028414
0000260d
00800000
01028399
00002618
00800000
01028219
01028299
00002622
00800000
01028299
01028399
0000262c
00800000
01028314
01028414
00002636
00800000
01028211
01028399
00002640
00800000
01028414
0000264a
00800000
01028414
0000264b
00800000
01028219
00002655
00800000
01028414
00002669
00800000
0102829a
0102831a
01028399
01028499
0000267d
00800000
01028314
00002688
00800000
01028214
01028414
0000269c
00800000
0102829a
01028414
000026a6
00800000
01028399
000026ba
00800000
01028219
0102831a
000026cf
00800000
01028219
000026d9
00800000
01028312
01028414
000026e3
00800000
01028394
01028414
000026ed
00800000
0102831a
01028399
01028514
000026f7
00800000
01028314
00002702
00800000
0102829a
