01028319
00000000
00800000
01028319
00000002
00800000
01028319
0000000c
00800000
01028319
00000016
00800000
01028319
00000020
00800000
01028319
0000002a
00800000
01028319
00000034
00800000
01028319
00000035
00800000
01028319
0000003f
00800000
01028319
00000049
00800000
01028319
00000053
00800000
01028319
0000005d
00800000
01028319
00000072
00800000
01028319
0000007c
00800000
01028319
0000009a
00800000
01028319
000000a4
00800000
01028319
000000af
00800000
01028319
000000b9
00800000
01028319
000000c3
00800000
01028319
000000cd
00800000
01028319
000000d7
00800000
01028319
000000e1
00800000
01028319
000000ec
00800000
01028319
000000f6
00800000
01028319
0000010a
00800000
01028319
00000114
00800000
01028319
00000129
00800000
01028319
00000133
00800000
01028319
00000147
00800000
01028319
00000151
00800000
01028319
00000166
00800000
01028319
00000170
00800000
01028319
0000017a
00800000
01028319
00000184
00800000
01028319
0000018e
00800000
01028319
00000198
00800000
01028319
00000199
00800000
01028319
000001ad
00800000
01028319
000001b7
00800000
01028319
000001c1
00800000
01028319
000001cb
00800000
01028319
000001d6
00800000
01028319
000001e0
00800000
01028319
000001f4
00800000
01028319
000001fe
00800000
01028319
00000208
00800000
01028319
00000213
00800000
01028319
0000021d
00800000
01028319
00000227
00800000
01028319
00000231
00800000
01028319
0000023b
00800000
01028319
00000245
00800000
01028319
00000250
00800000
01028319
0000025a
00800000
01028319
00000264
00800000
01028319
0000026e
00800000
01028319
00000278
00800000
01028319
00000282
00800000
01028319
0000028d
00800000
01028319
00000297
00800000
01028319
000002a1
00800000
01028319
000002ab
00800000
01028319
000002bf
00800000
01028319
000002c0
00800000
01028319
000002d4
00800000
01028319
000002fc
00800000
01028319
000002fd
00800000
01028319
00000307
00800000
01028319
00000311
00800000
01028319
0000031b
00800000
01028319
0000032f
00800000
01028319
00000339
00800000
01028319
0000033a
00800000
01028319
00000344
00800000
01028319
0000034e
00800000
01028319
00000358
00800000
01028319
00000362
00800000
01028319
0000036c
00800000
01028319
00000377
00800000
01028319
00000381
00800000
01028319
0000038b
00800000
01028319
00000395
00800000
01028319
0000039f
00800000
01028319
000003a9
00800000
01028319
000003b4
00800000
01028319
000003be
00800000
01028319
000003c8
00800000
01028319
000003d2
00800000
01028319
000003dc
00800000
01028319
000003e6
00800000
01028319
000003f1
00800000
01028319
000003fb
00800000
01028319
00000405
00800000
01028319
0000040f
00800000
01028319
00000419
00800000
01028319
00000423
00800000
01028319
00000438
00800000
01028319
00000442
00800000
01028319
0000044c
00800000
01028319
00000456
00800000
01028319
00000460
00800000
01028319
00000461
00800000
01028319
0000046b
00800000
01028319
00000475
00800000
01028319
0000047f
00800000
01028319
00000489
00800000
01028319
00000493
00800000
01028319
0000049e
00800000
01028319
000004a8
00800000
01028319
000004b2
00800000
01028319
000004bc
00800000
01028319
000004d0
00800000
01028319
000004db
00800000
01028319
000004e5
00800000
01028319
000004ef
00800000
01028319
000004f9
00800000
01028319
00000518
00800000
01028319
00000522
00800000
01028319
0000052c
00800000
01028319
00000536
00800000
01028319
00000540
00800000
01028319
0000054a
00800000
01028319
00000555
00800000
01028319
00000569
00800000
01028319
0000057d
00800000
01028319
00000587
00800000
01028319
00000592
00800000
01028319
000005a6
00800000
01028319
000005b0
00800000
01028319
000005ba
00800000
01028319
000005c4
00800000
01028319
000005c5
00800000
01028319
000005cf
00800000
01028319
000005d9
00800000
01028319
000005e3
00800000
01028319
000005ed
00800000
01028319
000005f7
00800000
01028319
00000601
00800000
01028319
00000602
00800000
01028319
00000616
00800000
01028319
00000620
00800000
01028319
0000062a
00800000
01028319
00000634
00800000
01028319
00000649
00800000
01028319
00000653
00800000
01028319
0000065d
00800000
01028319
00000667
00800000
01028319
00000671
00800000
01028319
0000067c
00800000
01028319
00000686
00800000
01028319
00000690
00800000
01028319
0000069a
00800000
01028319
000006a4
00800000
01028319
000006ae
00800000
01028319
000006c3
00800000
01028319
000006cd
00800000
01028319
000006d7
00800000
01028319
000006e1
00800000
01028319
000006eb
00800000
01028319
000006f6
00800000
01028319
00000700
00800000
01028319
0000070a
00800000
01028319
00000714
00800000
01028319
0000071e
00800000
01028319
00000728
00800000
01028319
00000729
00800000
01028319
00000733
00800000
01028319
0000073d
00800000
01028319
00000747
00800000
01028319
00000751
00800000
01028319
0000075b
00800000
01028319
00000765
00800000
01028319
00000766
00800000
01028319
00000770
00800000
01028319
0000077a
00800000
01028319
00000784
00800000
01028319
0000078e
00800000
01028319
000007a3
00800000
01028319
000007ad
00800000
01028319
000007b7
00800000
01028319
000007c1
00800000
01028319
000007cb
00800000
01028319
000007d5
00800000
01028319
000007e0
00800000
01028319
000007ea
00800000
01028319
000007f4
00800000
01028319
000007fe
00800000
01028319
00000808
00800000
01028319
00000812
00800000
01028319
0000081d
00800000
01028319
00000827
00800000
01028319
00000831
00800000
01028319
0000083b
00800000
01028319
00000845
00800000
01028319
0000085a
00800000
01028319
00000864
00800000
01028319
0000086e
00800000
01028319
00000878
00800000
01028319
00000882
00800000
01028319
0000088c
00800000
01028319
0000088d
00800000
01028319
00000897
00800000
01028319
000008a1
00800000
01028319
000008b5
00800000
01028319
000008bf
00800000
01028319
000008c9
00800000
01028319
000008ca
00800000
01028319
000008d4
00800000
01028319
000008de
00800000
01028319
000008e8
00800000
01028319
000008fc
00800000
01028319
00000907
00800000
01028319
00000911
00800000
01028319
0000091b
00800000
01028319
00000925
00800000
01028319
0000092f
00800000
01028319
00000939
00800000
01028319
00000944
00800000
01028319
00000958
00800000
01028319
00000962
00800000
01028319
0000096c
00800000
01028319
00000976
00800000
01028319
00000981
00800000
01028319
0000098b
00800000
01028319
00000995
00800000
01028319
0000099f
00800000
01028319
000009a9
00800000
01028319
000009b3
00800000
01028319
000009be
00800000
01028319
000009d2
00800000
01028319
000009dc
00800000
01028319
000009e6
00800000
01028319
000009f0
00800000
01028319
000009f1
00800000
01028319
000009fb
00800000
01028319
00000a05
00800000
01028319
00000a0f
00800000
01028319
00000a23
00800000
01028319
00000a2d
00800000
01028319
00000a2e
00800000
01028319
00000a38
00800000
01028319
00000a42
00800000
01028319
00000a4c
00800000
01028319
00000a56
00800000
01028319
00000a60
00800000
01028319
00000a6b
00800000
01028319
00000a75
00800000
01028319
00000a89
00800000
01028319
00000a93
00800000
01028319
00000a9d
00800000
01028319
00000aa8
00800000
01028319
00000ab2
00800000
01028319
00000abc
00800000
01028319
00000ac6
00800000
01028319
00000ad0
00800000
01028319
00000ada
00800000
01028319
00000aef
00800000
01028319
00000af9
00800000
01028319
00000b03
00800000
01028319
00000b0d
00800000
01028319
00000b17
00800000
01028319
00000b22
00800000
01028319
00000b36
00800000
01028319
00000b40
00800000
01028319
00000b4a
00800000
01028319
00000b5f
00800000
01028319
00000b69
00800000
01028319
00000b7d
00800000
01028319
00000b87
00800000
01028319
00000b91
00800000
01028319
00000b92
00800000
01028319
00000b9c
00800000
01028319
00000ba6
00800000
01028319
00000bb0
00800000
01028319
00000bba
00800000
01028319
00000bcf
00800000
01028319
00000be3
00800000
01028319
00000bed
00800000
01028319
00000bf7
00800000
01028319
00000c01
00800000
01028319
00000c0c
00800000
01028319
00000c16
00800000
01028319
00000c20
00800000
01028319
00000c2a
00800000
01028319
00000c34
00800000
01028319
00000c49
00800000
01028319
00000c53
00800000
01028319
00000c5d
00800000
01028319
00000c67
00800000
01028319
00000c71
00800000
01028319
00000c7b
00800000
01028319
00000c86
00800000
01028319
00000c90
00800000
01028319
00000c9a
00800000
01028319
00000ca4
00800000
01028319
00000cb8
00800000
01028319
00000cb9
00800000
01028319
00000cc3
00800000
01028319
00000cd7
00800000
01028319
00000ce1
00800000
01028319
00000ceb
00800000
01028319
00000cf5
00800000
01028319
00000cf6
00800000
01028319
00000d00
00800000
01028319
00000d14
00800000
01028319
00000d1e
00800000
01028319
00000d28
00800000
01028319
00000d33
00800000
01028319
00000d3d
00800000
01028319
00000d47
00800000
01028319
00000d51
00800000
01028319
00000d5b
00800000
01028319
00000d65
00800000
01028319
00000d70
00800000
01028319
00000d7a
00800000
01028319
00000d8e
00800000
01028319
00000d98
00800000
01028319
00000da2
00800000
01028319
00000dad
00800000
01028319
00000db7
00800000
01028319
00000dc1
00800000
01028319
00000dcb
00800000
01028319
00000dd5
00800000
01028319
00000ddf
00800000
01028319
00000dea
00800000
01028319
00000df4
00800000
01028319
00000dfe
00800000
01028319
00000e08
00800000
01028319
00000e12
00800000
01028319
00000e1c
00800000
01028319
00000e1d
00800000
01028319
00000e27
00800000
01028319
00000e3b
00800000
01028319
00000e45
00800000
01028319
00000e4f
00800000
01028319
00000e59
00800000
01028319
00000e5a
00800000
01028319
00000e64
00800000
01028319
00000e6e
00800000
01028319
00000e78
00800000
01028319
00000e82
00800000
01028319
00000e8c
00800000
01028319
00000e97
00800000
01028319
00000ea1
00800000
01028319
00000eb5
00800000
01028319
00000ebf
00800000
01028319
00000ec9
00800000
01028319
00000ed4
00800000
01028319
00000ede
00800000
01028319
00000ee8
00800000
01028319
00000ef2
00800000
01028319
00000efc
00800000
01028319
00000f06
00800000
01028319
00000f11
00800000
01028319
00000f1b
00800000
01028319
00000f25
00800000
01028319
00000f2f
00800000
01028319
00000f39
00800000
01028319
00000f43
00800000
01028319
00000f4e
00800000
01028319
00000f58
00800000
01028319
00000f62
00800000
01028319
00000f6c
00800000
01028319
00000f76
00800000
01028319
00000f80
00800000
01028319
00000f81
00800000
01028319
00000f8b
00800000
01028319
00000f95
00800000
01028319
00000f9f
00800000
01028319
00000fa9
00800000
01028319
00000fc8
00800000
01028319
00000fd2
00800000
01028319
00000fdc
00800000
01028319
00000fe6
00800000
01028319
00000ff0
00800000
01028319
00000ffb
00800000
01028319
00001005
00800000
01028319
0000100f
00800000
01028319
00001019
00800000
01028319
00001023
00800000
01028319
0000102d
00800000
01028319
00001038
00800000
01028319
00001042
00800000
01028319
00001056
00800000
01028319
00001060
00800000
01028319
0000106a
00800000
01028319
0000107f
00800000
01028319
00001093
00800000
01028319
0000109d
00800000
01028319
000010a7
00800000
01028319
000010b2
00800000
01028319
000010c6
00800000
01028319
000010d0
00800000
01028319
000010da
00800000
01028319
000010e4
00800000
01028319
000010e5
00800000
01028319
000010ef
00800000
01028319
000010f9
00800000
01028319
00001103
00800000
01028319
0000110d
00800000
01028319
00001117
00800000
01028319
00001121
00800000
01028319
00001122
00800000
01028319
0000112c
00800000
01028319
00001136
00800000
01028319
00001140
00800000
01028319
0000114a
00800000
01028319
00001154
00800000
01028319
0000115f
00800000
01028319
00001169
00800000
01028319
00001173
00800000
01028319
0000117d
00800000
01028319
00001187
00800000
01028319
00001191
00800000
01028319
0000119c
00800000
01028319
000011a6
00800000
01028319
000011b0
00800000
01028319
000011ba
00800000
01028319
000011c4
00800000
01028319
000011e3
00800000
01028319
000011ed
00800000
01028319
000011f7
00800000
01028319
00001201
00800000
01028319
0000120b
00800000
01028319
00001216
00800000
01028319
00001220
00800000
01028319
0000122a
00800000
01028319
00001234
00800000
01028319
0000123e
00800000
01028319
00001248
00800000
01028319
00001249
00800000
01028319
00001253
00800000
01028319
0000125d
00800000
01028319
00001271
00800000
01028319
00001285
00800000
01028319
00001286
00800000
01028319
000012a4
00800000
01028319
000012ae
00800000
01028319
000012c3
00800000
01028319
000012cd
00800000
01028319
000012d7
00800000
01028319
000012e1
00800000
01028319
000012eb
00800000
01028319
000012f5
00800000
01028319
00001300
00800000
01028319
0000130a
00800000
01028319
00001314
00800000
01028319
0000131e
00800000
01028319
00001332
00800000
01028319
0000133d
00800000
01028319
00001347
00800000
01028319
00001351
00800000
01028319
0000135b
00800000
01028319
00001365
00800000
01028319
0000136f
00800000
01028319
00001384
00800000
01028319
0000138e
00800000
01028319
00001398
00800000
01028319
000013a2
00800000
01028319
000013ac
00800000
01028319
000013b7
00800000
01028319
000013d5
00800000
01028319
000013df
00800000
01028319
000013e9
00800000
01028319
000013ea
00800000
01028319
000013f4
00800000
01028319
000013fe
00800000
01028319
00001408
00800000
01028319
00001412
00800000
01028319
0000141c
00800000
01028319
00001427
00800000
01028319
00001431
00800000
01028319
0000143b
00800000
01028319
0000144f
00800000
01028319
00001459
00800000
01028319
00001464
00800000
01028319
0000146e
00800000
01028319
00001478
00800000
01028319
00001482
00800000
01028319
0000148c
00800000
01028319
00001496
00800000
01028319
000014ab
00800000
01028319
000014b5
00800000
01028319
000014bf
00800000
01028319
000014c9
00800000
01028319
000014d3
00800000
01028319
000014de
00800000
01028319
000014e8
00800000
01028319
000014f2
00800000
01028319
000014fc
00800000
01028319
00001506
00800000
01028319
00001510
00800000
01028319
00001511
00800000
01028319
0000151b
00800000
01028319
00001525
00800000
01028319
0000152f
00800000
01028319
00001543
00800000
01028319
0000154d
00800000
01028319
0000154e
00800000
01028319
00001558
00800000
01028319
00001562
00800000
01028319
0000156c
00800000
01028319
00001576
00800000
01028319
00001580
00800000
01028319
0000158b
00800000
01028319
00001595
00800000
01028319
0000159f
00800000
01028319
000015a9
00800000
01028319
000015bd
00800000
01028319
000015c8
00800000
01028319
000015d2
00800000
01028319
000015dc
00800000
01028319
000015e6
00800000
01028319
000015f0
00800000
01028319
00001605
00800000
01028319
0000160f
00800000
01028319
00001619
00800000
01028319
00001623
00800000
01028319
0000162d
00800000
01028319
00001637
00800000
01028319
00001642
00800000
01028319
0000164c
00800000
01028319
00001656
00800000
01028319
00001660
00800000
01028319
0000166a
00800000
01028319
00001674
00800000
01028319
00001675
00800000
01028319
0000167f
00800000
01028319
00001689
00800000
01028319
00001693
00800000
01028319
000016a7
00800000
01028319
000016b1
00800000
01028319
000016b2
00800000
01028319
000016bc
00800000
01028319
000016c6
00800000
01028319
000016d0
00800000
01028319
000016da
00800000
01028319
000016ef
00800000
01028319
0000170d
00800000
01028319
00001717
00800000
01028319
00001721
00800000
01028319
0000172c
00800000
01028319
00001740
00800000
01028319
0000174a
00800000
01028319
00001754
00800000
01028319
0000175e
00800000
01028319
00001769
00800000
01028319
00001773
00800000
01028319
0000177d
00800000
01028319
00001787
00800000
01028319
00001791
00800000
01028319
0000179b
00800000
01028319
000017a6
00800000
01028319
000017b0
00800000
01028319
000017ba
00800000
01028319
000017c4
00800000
01028319
000017ce
00800000
01028319
000017d8
00800000
01028319
000017e3
00800000
01028319
000017ed
00800000
01028319
000017f7
00800000
01028319
0000180b
00800000
01028319
00001815
00800000
01028319
00001816
00800000
01028319
00001820
00800000
01028319
00001834
00800000
01028319
0000183e
00800000
01028319
00001853
00800000
01028319
0000185d
00800000
01028319
00001867
00800000
01028319
00001871
00800000
01028319
0000187b
00800000
01028319
00001885
00800000
01028319
00001890
00800000
01028319
0000189a
00800000
01028319
000018a4
00800000
01028319
000018ae
00800000
01028319
000018b8
00800000
01028319
000018d7
00800000
01028319
000018e1
00800000
01028319
000018eb
00800000
01028319
000018f5
00800000
01028319
000018ff
00800000
01028319
0000191e
00800000
01028319
00001928
00800000
01028319
00001932
00800000
01028319
0000193c
00800000
01028319
00001947
00800000
01028319
00001951
00800000
01028319
00001965
00800000
01028319
0000196f
00800000
01028319
00001979
00800000
01028319
0000197a
00800000
01028319
00001984
00800000
01028319
0000198e
00800000
01028319
00001998
00800000
01028319
000019a2
00800000
01028319
000019ac
00800000
01028319
000019b7
00800000
01028319
000019c1
00800000
01028319
000019d5
00800000
01028319
000019fe
00800000
01028319
00001a08
00800000
01028319
00001a12
00800000
01028319
00001a26
00800000
01028319
00001a31
00800000
01028319
00001a3b
00800000
01028319
00001a45
00800000
01028319
00001a4f
00800000
01028319
00001a59
00800000
01028319
00001a63
00800000
01028319
00001a6e
00800000
01028319
00001a78
00800000
01028319
00001a82
00800000
01028319
00001a8c
00800000
01028319
00001a96
00800000
01028319
00001aa0
00800000
01028319
00001aa1
00800000
01028319
00001aab
00800000
01028319
00001ab5
00800000
01028319
00001abf
00800000
01028319
00001ac9
00800000
01028319
00001add
00800000
01028319
00001ade
00800000
01028319
00001ae8
00800000
01028319
00001af2
00800000
01028319
00001afc
00800000
01028319
00001b06
00800000
01028319
00001b10
00800000
01028319
00001b1b
00800000
01028319
00001b25
00800000
01028319
00001b2f
00800000
01028319
00001b39
00800000
01028319
00001b43
00800000
01028319
00001b4d
00800000
01028319
00001b58
00800000
01028319
00001b62
00800000
01028319
00001b6c
00800000
01028319
00001b80
00800000
01028319
00001b8a
00800000
01028319
00001b9f
00800000
01028319
00001ba9
00800000
01028319
00001bb3
00800000
01028319
00001bbd
00800000
01028319
00001bc7
00800000
01028319
00001bd2
00800000
01028319
00001bdc
00800000
01028319
00001be6
00800000
01028319
00001bf0
00800000
01028319
00001bfa
00800000
01028319
00001c04
00800000
01028319
00001c0f
00800000
01028319
00001c19
00800000
01028319
00001c23
00800000
01028319
00001c37
00800000
01028319
00001c41
00800000
01028319
00001c42
00800000
01028319
00001c56
00800000
01028319
00001c60
00800000
01028319
00001c6a
00800000
01028319
00001c74
00800000
01028319
00001c7e
00800000
01028319
00001c7f
00800000
01028319
00001c89
00800000
01028319
00001c93
00800000
01028319
00001ca7
00800000
01028319
00001cb1
00800000
01028319
00001cbc
00800000
01028319
00001cc6
00800000
01028319
00001cd0
00800000
01028319
00001cda
00800000
01028319
00001ce4
00800000
01028319
00001cee
00800000
01028319
00001cf9
00800000
01028319
00001d03
00800000
01028319
00001d0d
00800000
01028319
00001d17
00800000
01028319
00001d21
00800000
01028319
00001d2b
00800000
01028319
00001d36
00800000
01028319
00001d40
00800000
01028319
00001d4a
00800000
01028319
00001d54
00800000
01028319
00001d5e
00800000
01028319
00001d68
00800000
01028319
00001d73
00800000
01028319
00001d7d
00800000
01028319
00001d87
00800000
01028319
00001d91
00800000
01028319
00001d9b
00800000
01028319
00001da5
00800000
01028319
00001da6
00800000
01028319
00001dba
00800000
01028319
00001dc4
00800000
01028319
00001dce
00800000
01028319
00001dd8
00800000
01028319
00001de2
00800000
01028319
00001de3
00800000
01028319
00001ded
00800000
01028319
00001df7
00800000
01028319
00001e01
00800000
01028319
00001e0b
00800000
01028319
00001e15
00800000
01028319
00001e2a
00800000
01028319
00001e34
00800000
01028319
00001e3e
00800000
01028319
00001e48
00800000
01028319
00001e52
00800000
01028319
00001e5d
00800000
01028319
00001e7b
00800000
01028319
00001e85
00800000
01028319
00001e9a
00800000
01028319
00001ea4
00800000
01028319
00001eb8
00800000
01028319
00001ecc
00800000
01028319
00001ed7
00800000
01028319
00001ee1
00800000
01028319
00001eeb
00800000
01028319
00001ef5
00800000
01028319
00001eff
00800000
01028319
00001f09
00800000
01028319
00001f0a
00800000
01028319
00001f1e
00800000
01028319
00001f28
00800000
01028319
00001f3c
00800000
01028319
00001f46
00800000
01028319
00001f47
00800000
01028319
00001f51
00800000
01028319
00001f5b
00800000
01028319
00001f65
00800000
01028319
00001f6f
00800000
01028319
00001f79
00800000
01028319
00001f84
00800000
01028319
00001f8e
00800000
01028319
00001fa2
00800000
01028319
00001fac
00800000
01028319
00001fb6
00800000
01028319
00001fcb
00800000
01028319
00001fd5
00800000
01028319
00001fdf
00800000
01028319
00001fe9
00800000
01028319
00001ff3
00800000
01028319
00001ffe
00800000
01028319
00002008
00800000
01028319
00002012
00800000
01028319
0000201c
00800000
01028319
00002026
00800000
01028319
00002030
00800000
01028319
0000203b
00800000
01028319
00002045
00800000
01028319
0000204f
00800000
01028319
00002059
00800000
01028319
00002063
00800000
01028319
0000206d
00800000
01028319
00002078
00800000
01028319
00002082
00800000
01028319
0000208c
00800000
01028319
00002096
00800000
01028319
000020a0
00800000
01028319
000020aa
00800000
01028319
000020ab
00800000
01028319
000020b5
00800000
01028319
000020bf
00800000
01028319
000020c9
00800000
01028319
000020d3
00800000
01028319
000020dd
00800000
01028319
000020e8
00800000
01028319
000020f2
00800000
01028319
000020fc
00800000
01028319
00002106
00800000
01028319
00002110
00800000
01028319
0000211a
00800000
01028319
00002125
00800000
01028319
0000212f
00800000
01028319
00002139
00800000
01028319
00002143
00800000
01028319
0000214d
00800000
01028319
00002157
00800000
01028319
00002176
00800000
01028319
00002180
00800000
01028319
0000218a
00800000
01028319
00002194
00800000
01028319
0000219f
00800000
01028319
000021a9
00800000
01028319
000021b3
00800000
01028319
000021bd
00800000
01028319
000021c7
00800000
01028319
000021d1
00800000
01028319
000021d2
00800000
01028319
000021dc
00800000
01028319
000021e6
00800000
01028319
000021f0
00800000
01028319
000021fa
00800000
01028319
00002204
00800000
01028319
0000220e
00800000
01028319
0000220f
00800000
01028319
00002219
00800000
01028319
00002223
00800000
01028319
0000222d
00800000
01028319
00002237
00800000
01028319
00002241
00800000
01028319
0000224c
00800000
01028319
00002256
00800000
01028319
00002260
00800000
01028319
0000226a
00800000
01028319
00002274
00800000
01028319
0000227e
00800000
01028319
00002289
00800000
01028319
0000229d
00800000
01028319
000022a7
00800000
01028319
000022b1
00800000
01028319
000022c6
00800000
01028319
000022d0
00800000
01028319
000022da
00800000
01028319
000022ee
00800000
01028319
000022f8
00800000
01028319
00002303
00800000
01028319
0000230d
00800000
01028319
00002317
00800000
01028319
00002321
00800000
01028319
00002335
00800000
01028319
00002336
00800000
01028319
00002340
00800000
01028319
0000234a
00800000
01028319
00002354
00800000
01028319
0000235e
00800000
01028319
00002368
00800000
01028319
00002372
00800000
01028319
00002373
00800000
01028319
0000237d
00800000
01028319
00002387
00800000
01028319
00002391
00800000
01028319
0000239b
00800000
01028319
000023a5
00800000
01028319
000023b0
00800000
01028319
000023ba
00800000
01028319
000023c4
00800000
01028319
000023ce
00800000
01028319
000023d8
00800000
01028319
000023e2
00800000
01028319
000023ed
00800000
01028319
000023f7
00800000
01028319
00002401
00800000
01028319
0000240b
00800000
01028319
00002415
00800000
01028319
0000241f
00800000
01028319
0000242a
00800000
01028319
0000243e
00800000
01028319
00002448
00800000
01028319
00002452
00800000
01028319
0000245c
00800000
01028319
00002467
00800000
01028319
00002471
00800000
01028319
0000247b
00800000
01028319
00002485
00800000
01028319
0000248f
00800000
01028319
00002499
00800000
01028319
0000249a
00800000
01028319
000024a4
00800000
01028319
000024b8
00800000
01028319
000024c2
00800000
01028319
000024cc
00800000
01028319
000024d6
00800000
01028319
000024d7
00800000
01028319
000024e1
00800000
01028319
000024eb
00800000
01028319
000024f5
00800000
01028319
000024ff
00800000
01028319
00002509
00800000
01028319
00002514
00800000
01028319
0000251e
00800000
01028319
00002528
00800000
01028319
00002532
00800000
01028319
00002546
00800000
01028319
00002551
00800000
01028319
0000255b
00800000
01028319
00002565
00800000
01028319
0000256f
00800000
01028319
00002579
00800000
01028319
00002583
00800000
01028319
0000258e
00800000
01028319
00002598
00800000
01028319
000025a2
00800000
01028319
000025ac
00800000
01028319
000025b6
00800000
01028319
000025c0
00800000
01028319
000025cb
00800000
01028319
000025d5
00800000
01028319
000025df
00800000
01028319
000025e9
00800000
01028319
000025f3
00800000
01028319
000025fd
00800000
01028319
000025fe
00800000
01028319
00002608
00800000
01028319
00002612
00800000
01028319
0000261c
00800000
01028319
00002626
00800000
01028319
0000263a
00800000
01028319
0000263b
00800000
01028319
00002645
00800000
01028319
0000264f
00800000
01028319
00002659
00800000
01028319
00002663
00800000
01028319
00002678
00800000
01028319
00002682
00800000
01028319
0000268c
00800000
01028319
00002696
00800000
01028319
000026a0
00800000
01028319
000026aa
00800000
01028319
000026b5
00800000
01028319
000026bf
00800000
01028319
000026c9
00800000
01028319
000026d3
00800000
01028319
000026dd
00800000
01028319
000026e7
00800000
01028319
000026f2
00800000
01028319
