01028319
00000000
00800000
01028319
00000010
00800000
01028319
0000001a
00800000
01028319
00000024
00800000
01028319
00000043
00800000
01028319
00000057
00800000
01028319
00000061
00800000
01028319
0000006b
00800000
01028319
00000076
00800000
01028319
0000008a
00800000
01028319
0000009e
00800000
01028319
000000a8
00800000
01028319
000000b3
00800000
01028319
000000d1
00800000
01028319
000000db
00800000
01028319
000000e5
00800000
01028319
000000f0
00800000
01028319
000000fa
00800000
01028319
00000104
00800000
01028319
00000118
00800000
01028319
00000122
00800000
01028319
00000123
00800000
01028319
00000137
00800000
01028319
00000141
00800000
01028319
00000155
00800000
01028319
00000160
00800000
01028319
0000016a
00800000
01028319
0000017e
00800000
01028319
00000192
00800000
01028319
0000019d
00800000
01028319
000001b1
00800000
01028319
000001bb
00800000
01028319
000001c5
00800000
01028319
000001da
00800000
01028319
0000020c
00800000
01028319
00000217
00800000
01028319
00000221
00800000
01028319
0000022b
00800000
01028319
00000235
00800000
01028319
0000023f
00800000
01028319
00000254
00800000
01028319
0000025e
00800000
01028319
00000268
00800000
01028319
00000272
00800000
01028319
00000286
00800000
01028319
00000287
00800000
01028319
00000291
00800000
01028319
0000029b
00800000
01028319
000002af
00800000
01028319
000002b9
00800000
01028319
000002c3
00800000
01028319
000002c4
00800000
01028319
000002e2
00800000
01028319
000002ec
00800000
01028319
00000301
00800000
01028319
00000329
00800000
01028319
00000333
00800000
01028319
0000033e
00800000
01028319
00000348
00800000
01028319
0000035c
00800000
01028319
00000366
00800000
01028319
00000385
00800000
01028319
00000399
00800000
01028319
000003a3
00800000
01028319
000003ad
00800000
01028319
000003b8
00800000
01028319
000003c2
00800000
01028319
000003cc
00800000
01028319
000003d6
00800000
01028319
000003e0
00800000
01028319
000003ea
00800000
01028319
000003eb
00800000
01028319
000003f5
00800000
01028319
000003ff
00800000
01028319
00000409
00800000
01028319
00000413
00800000
01028319
0000041d
00800000
01028319
00000427
00800000
01028319
00000428
00800000
01028319
00000432
00800000
01028319
0000043c
00800000
01028319
00000446
00800000
01028319
00000450
00800000
01028319
00000483
00800000
01028319
000004ac
00800000
01028319
000004b6
00800000
01028319
000004ca
00800000
01028319
000004df
00800000
01028319
000004e9
00800000
01028319
000004fd
00800000
01028319
00000507
00800000
01028319
00000511
00800000
01028319
00000526
00800000
01028319
0000053a
00800000
01028319
00000544
00800000
01028319
0000054e
00800000
01028319
0000054f
00800000
01028319
00000563
00800000
01028319
0000056d
00800000
01028319
00000581
00800000
01028319
0000058b
00800000
01028319
0000058c
00800000
01028319
00000596
00800000
01028319
000005a0
00800000
01028319
000005aa
00800000
01028319
000005be
00800000
01028319
000005c9
00800000
01028319
000005d3
00800000
01028319
000005dd
00800000
01028319
000005e7
00800000
01028319
000005fb
00800000
01028319
00000610
00800000
01028319
0000061a
00800000
01028319
00000624
00800000
01028319
0000062e
00800000
01028319
00000638
00800000
01028319
00000643
00800000
01028319
0000064d
00800000
01028319
00000657
00800000
01028319
00000661
00800000
01028319
0000066b
00800000
01028319
00000680
00800000
01028319
0000068a
00800000
01028319
00000694
00800000
01028319
0000069e
00800000
01028319
000006a8
00800000
01028319
000006bd
00800000
01028319
000006c7
00800000
01028319
000006db
00800000
01028319
000006e5
00800000
01028319
000006fa
00800000
01028319
0000070e
00800000
01028319
00000718
00800000
01028319
00000722
00800000
01028319
00000737
00800000
01028319
00000741
00800000
01028319
0000074b
00800000
01028319
00000755
00800000
01028319
0000076a
00800000
01028319
00000774
00800000
01028319
00000788
00800000
01028319
00000792
00800000
01028319
000007a7
00800000
01028319
000007b1
00800000
01028319
000007cf
00800000
01028319
000007d9
00800000
01028319
000007ee
00800000
01028319
000007f8
00800000
01028319
00000802
00800000
01028319
0000080c
00800000
01028319
00000816
00800000
01028319
00000821
00800000
01028319
0000082b
00800000
01028319
00000835
00800000
01028319
0000083f
00800000
01028319
00000849
00800000
01028319
0000085e
00800000
01028319
00000868
00800000
01028319
00000872
00800000
01028319
0000087c
00800000
01028319
00000886
00800000
01028319
00000891
00800000
01028319
0000089b
00800000
01028319
000008a5
00800000
01028319
000008af
00800000
01028319
000008b9
00800000
01028319
000008c3
00800000
01028319
000008ce
00800000
01028319
000008d8
00800000
01028319
000008e2
00800000
01028319
000008ec
00800000
01028319
000008f6
00800000
01028319
0000090b
00800000
01028319
00000915
00800000
01028319
00000933
00800000
01028319
00000952
00800000
01028319
0000095c
00800000
01028319
00000970
00800000
01028319
00000985
00800000
01028319
0000098f
00800000
01028319
00000999
00800000
01028319
000009a3
00800000
01028319
000009b7
00800000
01028319
000009b8
00800000
01028319
000009cc
00800000
01028319
000009f5
00800000
01028319
000009ff
00800000
01028319
00000a09
00800000
01028319
00000a13
00800000
01028319
00000a27
00800000
01028319
00000a3c
00800000
01028319
00000a46
00800000
01028319
00000a50
00800000
01028319
00000a64
00800000
01028319
00000a83
00800000
01028319
00000a8d
00800000
01028319
00000a97
00800000
01028319
00000aac
00800000
01028319
00000ab6
00800000
01028319
00000ac0
00800000
01028319
00000aca
00800000
01028319
00000ade
00800000
01028319
00000ae9
00800000
01028319
00000af3
00800000
01028319
00000afd
00800000
01028319
00000b07
00800000
01028319
00000b1b
00800000
01028319
00000b1c
00800000
01028319
00000b26
00800000
01028319
00000b30
00800000
01028319
00000b3a
00800000
01028319
00000b44
00800000
01028319
00000b59
00800000
01028319
00000b6d
00800000
01028319
00000b77
00800000
01028319
00000b81
00800000
01028319
00000b8b
00800000
01028319
00000b96
00800000
01028319
00000ba0
00800000
01028319
00000baa
00800000
01028319
00000bb4
00800000
01028319
00000bc8
00800000
01028319
00000bd3
00800000
01028319
00000be7
00800000
01028319
00000bf1
00800000
01028319
00000c05
00800000
01028319
00000c10
00800000
01028319
00000c38
00800000
01028319
00000c4d
00800000
01028319
00000c57
00800000
01028319
00000c61
00800000
01028319
00000c6b
00800000
01028319
00000c75
00800000
01028319
00000c7f
00800000
01028319
00000c80
00800000
01028319
00000c8a
00800000
01028319
00000c94
00800000
01028319
00000c9e
00800000
01028319
00000ca8
00800000
01028319
00000cb2
00800000
01028319
00000cbd
00800000
01028319
00000cc7
00800000
01028319
00000cd1
00800000
01028319
00000cdb
00800000
01028319
00000ce5
00800000
01028319
00000cef
00800000
01028319
00000d0e
00800000
01028319
00000d18
00800000
01028319
00000d22
00800000
01028319
00000d2c
00800000
01028319
00000d37
00800000
01028319
00000d41
00800000
01028319
00000d4b
00800000
01028319
00000d5f
00800000
01028319
00000d69
00800000
01028319
00000d7e
00800000
01028319
00000d88
00800000
01028319
00000db1
00800000
01028319
00000dc5
00800000
01028319
00000dcf
00800000
01028319
00000dd9
00800000
01028319
00000de3
00800000
01028319
00000de4
00800000
01028319
00000dee
00800000
01028319
00000df8
00800000
01028319
00000e02
00800000
01028319
00000e0c
00800000
01028319
00000e21
00800000
01028319
00000e35
00800000
01028319
00000e3f
00800000
01028319
00000e53
00800000
01028319
00000e68
00800000
01028319
00000e72
00800000
01028319
00000e7c
00800000
01028319
00000e90
00800000
01028319
00000e9b
00800000
01028319
00000ea5
00800000
01028319
00000eaf
00800000
01028319
00000eb9
00800000
01028319
00000ec3
00800000
01028319
00000ecd
00800000
01028319
00000eec
00800000
01028319
00000f00
00800000
01028319
00000f0a
00800000
01028319
00000f15
00800000
01028319
00000f1f
00800000
01028319
00000f33
00800000
01028319
00000f47
00800000
01028319
00000f48
00800000
01028319
00000f52
00800000
01028319
00000f5c
00800000
01028319
00000f66
00800000
01028319
00000f70
00800000
01028319
00000f7a
00800000
01028319
00000f85
00800000
01028319
00000f8f
00800000
01028319
00000fa3
00800000
01028319
00000fad
00800000
01028319
00000fb7
00800000
01028319
00000fcc
00800000
01028319
00000fe0
00800000
01028319
00000fea
00800000
01028319
00000ff4
00800000
01028319
00000fff
00800000
01028319
00001013
00800000
01028319
00001027
00800000
01028319
0000103c
00800000
01028319
00001046
00800000
01028319
00001050
00800000
01028319
0000105a
00800000
01028319
00001064
00800000
01028319
0000106e
00800000
01028319
00001079
00800000
01028319
00001083
00800000
01028319
000010ab
00800000
01028319
000010ac
00800000
01028319
000010b6
00800000
01028319
000010c0
00800000
01028319
000010ca
00800000
01028319
000010d4
00800000
01028319
000010e8
00800000
01028319
000010e9
00800000
01028319
000010f3
00800000
01028319
00001111
00800000
01028319
0000111b
00800000
01028319
0000114e
00800000
01028319
00001163
00800000
01028319
0000116d
00800000
01028319
00001177
00800000
01028319
00001181
00800000
01028319
0000118b
00800000
01028319
000011aa
00800000
01028319
000011be
00800000
01028319
000011c8
00800000
01028319
000011d2
00800000
01028319
000011dd
00800000
01028319
000011e7
00800000
01028319
000011f1
00800000
01028319
000011fb
00800000
01028319
00001205
00800000
01028319
0000120f
00800000
01028319
00001210
00800000
01028319
0000121a
00800000
01028319
00001224
00800000
01028319
0000122e
00800000
01028319
00001242
00800000
01028319
0000124c
00800000
01028319
0000124d
00800000
01028319
00001261
00800000
01028319
0000127f
00800000
01028319
0000128a
00800000
01028319
00001294
00800000
01028319
0000129e
00800000
01028319
000012a8
00800000
01028319
000012b2
00800000
01028319
000012bc
00800000
01028319
000012c7
00800000
01028319
000012d1
00800000
01028319
000012db
00800000
01028319
000012ef
00800000
01028319
000012f9
00800000
01028319
00001304
00800000
01028319
0000130e
00800000
01028319
00001318
00800000
01028319
00001322
00800000
01028319
0000132c
00800000
01028319
00001341
00800000
01028319
00001369
00800000
01028319
00001373
00800000
01028319
00001374
00800000
01028319
0000137e
00800000
01028319
00001388
00800000
01028319
00001392
00800000
01028319
0000139c
00800000
01028319
000013a6
00800000
01028319
000013b0
00800000
01028319
000013b1
00800000
01028319
000013bb
00800000
01028319
000013c5
00800000
01028319
000013cf
00800000
01028319
000013e3
00800000
01028319
000013ee
00800000
01028319
000013f8
00800000
01028319
0000140c
00800000
01028319
0000142b
00800000
01028319
00001435
00800000
01028319
0000143f
00800000
01028319
00001449
00800000
01028319
00001453
00800000
01028319
0000145d
00800000
01028319
00001468
00800000
01028319
0000147c
00800000
01028319
0000149a
00800000
01028319
000014a5
00800000
01028319
000014b9
00800000
01028319
000014c3
00800000
01028319
000014e2
00800000
01028319
000014f6
00800000
01028319
0000150a
00800000
01028319
00001514
00800000
01028319
00001515
00800000
01028319
0000151f
00800000
01028319
00001529
00800000
01028319
00001533
00800000
01028319
0000153d
00800000
01028319
00001547
00800000
01028319
00001552
00800000
01028319
0000155c
00800000
01028319
00001566
00800000
01028319
0000157a
00800000
01028319
0000158f
00800000
01028319
00001599
00800000
01028319
000015a3
00800000
01028319
000015ad
00800000
01028319
000015c1
00800000
01028319
000015e0
00800000
01028319
000015ea
00800000
01028319
000015f4
00800000
01028319
000015fe
00800000
01028319
00001609
00800000
01028319
00001613
00800000
01028319
00001627
00800000
01028319
00001646
00800000
01028319
00001650
00800000
01028319
0000165a
00800000
01028319
00001664
00800000
01028319
0000166e
00800000
01028319
00001683
00800000
01028319
0000168d
00800000
01028319
00001697
00800000
01028319
000016a1
00800000
01028319
000016ab
00800000
01028319
000016b6
00800000
01028319
000016c0
00800000
01028319
000016de
00800000
01028319
000016e8
00800000
01028319
000016f3
00800000
01028319
000016fd
00800000
01028319
00001707
00800000
01028319
00001711
00800000
01028319
0000171b
00800000
01028319
00001730
00800000
01028319
0000174e
00800000
01028319
00001762
00800000
01028319
0000176d
00800000
01028319
00001781
00800000
01028319
0000178b
00800000
01028319
00001795
00800000
01028319
000017aa
00800000
01028319
000017b4
00800000
01028319
000017be
00800000
01028319
000017c8
00800000
01028319
000017dc
00800000
01028319
000017dd
00800000
01028319
000017e7
00800000
01028319
000017fb
00800000
01028319
0000180f
00800000
01028319
0000181a
00800000
01028319
0000182e
00800000
01028319
00001838
00800000
01028319
00001842
00800000
01028319
0000184c
00800000
01028319
00001861
00800000
01028319
0000186b
00800000
01028319
00001894
00800000
01028319
000018a8
00800000
01028319
000018c6
00800000
01028319
000018ef
00800000
01028319
000018f9
00800000
01028319
0000190e
00800000
01028319
00001918
00800000
01028319
0000192c
00800000
01028319
00001936
00800000
01028319
00001940
00800000
01028319
00001941
00800000
01028319
0000194b
00800000
01028319
00001955
00800000
01028319
0000195f
00800000
01028319
00001969
00800000
01028319
00001973
00800000
01028319
00001992
00800000
01028319
000019a6
00800000
01028319
000019b0
00800000
01028319
000019bb
00800000
01028319
000019cf
00800000
01028319
000019d9
00800000
01028319
000019e3
00800000
01028319
000019f8
00800000
01028319
00001a02
00800000
01028319
00001a16
00800000
01028319
00001a20
00800000
01028319
00001a2a
00800000
01028319
00001a35
00800000
01028319
00001a3f
00800000
01028319
00001a49
00800000
01028319
00001a67
00800000
01028319
00001a68
00800000
01028319
00001a7c
00800000
01028319
00001a86
00800000
01028319
00001a90
00800000
01028319
00001a9a
00800000
01028319
00001aa4
00800000
01028319
00001aa5
00800000
01028319
00001aaf
00800000
01028319
00001ab9
00800000
01028319
00001ac3
00800000
01028319
00001acd
00800000
01028319
00001ad7
00800000
01028319
00001ae2
00800000
01028319
00001aec
00800000
01028319
00001b0a
00800000
01028319
00001b1f
00800000
01028319
00001b29
00800000
01028319
00001b33
00800000
01028319
00001b47
00800000
01028319
00001b51
00800000
01028319
00001b5c
00800000
01028319
00001b66
00800000
01028319
00001b70
00800000
01028319
00001b84
00800000
01028319
00001bad
00800000
01028319
00001bc1
00800000
01028319
00001bcb
00800000
01028319
00001bcc
00800000
01028319
00001bd6
00800000
01028319
00001be0
00800000
01028319
00001bf4
00800000
01028319
00001bfe
00800000
01028319
00001c08
00800000
01028319
00001c09
00800000
01028319
00001c3b
00800000
01028319
00001c46
00800000
01028319
00001c5a
00800000
01028319
00001c64
00800000
01028319
00001c6e
00800000
01028319
00001c78
00800000
01028319
00001c83
00800000
01028319
00001c8d
00800000
01028319
00001c97
00800000
01028319
00001cab
00800000
01028319
00001cb5
00800000
01028319
00001cc0
00800000
01028319
00001cca
00800000
01028319
00001cde
00800000
01028319
00001ce8
00800000
01028319
00001cf2
00800000
01028319
00001d07
00800000
01028319
00001d11
00800000
01028319
00001d1b
00800000
01028319
00001d2f
00800000
01028319
00001d30
00800000
01028319
00001d3a
00800000
01028319
00001d44
00800000
01028319
00001d58
00800000
01028319
00001d62
00800000
01028319
00001d6c
00800000
01028319
00001d6d
00800000
01028319
00001d81
00800000
01028319
00001d8b
00800000
01028319
00001d95
00800000
01028319
00001daa
00800000
01028319
00001db4
00800000
01028319
00001dbe
00800000
01028319
00001dc8
00800000
01028319
00001dd2
00800000
01028319
00001de7
00800000
01028319
00001dfb
00800000
01028319
00001e05
00800000
01028319
00001e0f
00800000
01028319
00001e19
00800000
01028319
00001e24
00800000
01028319
00001e2e
00800000
01028319
00001e42
00800000
01028319
00001e4c
00800000
01028319
00001e56
00800000
01028319
00001e61
00800000
01028319
00001e75
00800000
01028319
00001e7f
00800000
01028319
00001e89
00800000
01028319
00001e93
00800000
01028319
00001e94
00800000
01028319
00001ea8
00800000
01028319
00001ebc
00800000
01028319
00001ed0
00800000
01028319
00001ed1
00800000
01028319
00001edb
00800000
01028319
00001ee5
00800000
01028319
00001eef
00800000
01028319
00001ef9
00800000
01028319
00001f03
00800000
01028319
00001f0e
00800000
01028319
00001f18
00800000
01028319
00001f22
00800000
01028319
00001f2c
00800000
01028319
00001f36
00800000
01028319
00001f4b
00800000
01028319
00001f55
00800000
01028319
00001f7d
00800000
01028319
00001fa6
00800000
01028319
00001fb0
00800000
01028319
00001fba
00800000
01028319
00001fc5
00800000
01028319
00001fcf
00800000
01028319
00001fd9
00800000
01028319
00001fe3
00800000
01028319
00001fed
00800000
01028319
00001ff7
00800000
01028319
00002002
00800000
01028319
0000200c
00800000
01028319
00002016
00800000
01028319
00002020
00800000
01028319
0000202a
00800000
01028319
00002034
00800000
01028319
00002035
00800000
01028319
0000203f
00800000
01028319
00002049
00800000
01028319
00002067
00800000
01028319
00002072
00800000
01028319
0000207c
00800000
01028319
00002086
00800000
01028319
000020a4
00800000
01028319
000020af
00800000
01028319
000020d7
00800000
01028319
000020e1
00800000
01028319
000020f6
00800000
01028319
00002100
00800000
01028319
0000210a
00800000
01028319
00002129
00800000
01028319
00002133
00800000
01028319
0000213d
00800000
01028319
00002151
00800000
01028319
00002184
00800000
01028319
0000218e
00800000
01028319
00002198
00800000
01028319
00002199
00800000
01028319
000021ad
00800000
01028319
000021c1
00800000
01028319
000021cb
00800000
01028319
000021d6
00800000
01028319
000021e0
00800000
01028319
000021f4
00800000
01028319
0000221d
00800000
01028319
00002227
00800000
01028319
0000223b
00800000
01028319
00002245
00800000
01028319
0000225a
00800000
01028319
00002264
00800000
01028319
00002282
00800000
01028319
0000228d
00800000
01028319
00002297
00800000
01028319
000022a1
00800000
01028319
000022ab
00800000
01028319
000022bf
00800000
01028319
000022ca
00800000
01028319
000022d4
00800000
01028319
000022e8
00800000
01028319
000022f2
00800000
01028319
000022fc
00800000
01028319
000022fd
00800000
01028319
00002311
00800000
01028319
00002325
00800000
01028319
0000232f
00800000
01028319
0000233a
00800000
01028319
0000234e
00800000
01028319
00002358
00800000
01028319
00002362
00800000
01028319
00002377
00800000
01028319
00002381
00800000
01028319
00002395
00800000
01028319
0000239f
00800000
01028319
000023b4
00800000
01028319
000023be
00800000
01028319
000023dc
00800000
01028319
000023e6
00800000
01028319
000023f1
00800000
01028319
0000240f
00800000
01028319
00002419
00800000
01028319
00002423
00800000
01028319
0000242e
00800000
01028319
0000244c
00800000
01028319
00002456
00800000
01028319
00002460
00800000
01028319
00002461
00800000
01028319
00002475
00800000
01028319
0000247f
00800000
01028319
00002489
00800000
01028319
0000249e
00800000
01028319
000024bc
00800000
01028319
000024d0
00800000
01028319
000024e5
00800000
01028319
000024ef
00800000
01028319
00002503
00800000
01028319
0000250d
00800000
01028319
00002518
00800000
01028319
0000252c
00800000
01028319
00002540
00800000
01028319
00002555
00800000
01028319
0000255f
00800000
01028319
00002569
00800000
01028319
00002573
00800000
01028319
0000257d
00800000
01028319
00002587
00800000
01028319
00002592
00800000
01028319
000025b0
00800000
01028319
000025ba
00800000
01028319
000025c4
00800000
01028319
000025c5
00800000
01028319
000025d9
00800000
01028319
00002601
00800000
01028319
00002602
00800000
01028319
0000260c
00800000
01028319
00002616
00800000
01028319
00002620
00800000
01028319
0000262a
00800000
01028319
00002634
00800000
01028319
0000263f
00800000
01028319
00002649
00800000
01028319
0000265d
00800000
01028319
00002671
00800000
01028319
0000267c
00800000
01028319
00002686
00800000
01028319
00002690
00800000
01028319
000026a4
00800000
01028319
000026ae
00800000
01028319
000026b9
00800000
01028319
000026c3
00800000
01028319
000026cd
00800000
01028319
000026d7
00800000
01028319
000026eb
00800000
01028319
000026f6
00800000
01028319
00002700
00800000
01028319
