01028319
00000000
00800000
01028319
00000005
00800000
01028319
0000000f
00800000
01028319
00000019
00800000
01028319
00000024
00800000
01028319
00000038
00800000
01028319
00000042
00800000
01028319
0000004c
00800000
01028319
00000061
00800000
01028319
0000006b
00800000
01028319
00000089
00800000
01028319
00000093
00800000
01028319
000000a8
00800000
01028319
000000b2
00800000
01028319
000000c6
00800000
01028319
000000ef
00800000
01028319
000000f9
00800000
01028319
00000103
00800000
01028319
00000118
00800000
01028319
00000122
00800000
01028319
0000012c
00800000
01028319
00000136
00800000
01028319
00000140
00800000
01028319
0000014b
00800000
01028319
0000015f
00800000
01028319
00000169
00800000
01028319
0000017d
00800000
01028319
00000192
00800000
01028319
000001a6
00800000
01028319
000001cf
00800000
01028319
000001d9
00800000
01028319
000001e3
00800000
01028319
000001f7
00800000
01028319
00000202
00800000
01028319
0000020c
00800000
01028319
00000234
00800000
01028319
00000235
00800000
01028319
00000249
00800000
01028319
00000253
00800000
01028319
00000267
00800000
01028319
00000272
00800000
01028319
0000027c
00800000
01028319
00000286
00800000
01028319
00000290
00800000
01028319
000002af
00800000
01028319
000002b9
00800000
01028319
000002c3
00800000
01028319
000002cd
00800000
01028319
000002d7
00800000
01028319
000002e1
00800000
01028319
000002f6
00800000
01028319
00000314
00800000
01028319
0000031e
00800000
01028319
00000333
00800000
01028319
00000347
00800000
01028319
00000366
00800000
01028319
0000037a
00800000
01028319
00000384
00800000
01028319
00000398
00800000
01028319
00000399
00800000
01028319
000003a3
00800000
01028319
000003ad
00800000
01028319
000003b7
00800000
01028319
000003c1
00800000
01028319
000003d5
00800000
01028319
000003d6
00800000
01028319
000003f4
00800000
01028319
00000408
00800000
01028319
00000427
00800000
01028319
00000445
00800000
01028319
0000045a
00800000
01028319
0000046e
00800000
01028319
00000478
00800000
01028319
00000482
00800000
01028319
00000497
00800000
01028319
000004ab
00800000
01028319
000004b5
00800000
01028319
000004bf
00800000
01028319
000004ca
00800000
01028319
000004d4
00800000
01028319
000004de
00800000
01028319
000004fc
00800000
01028319
000004fd
00800000
01028319
00000507
00800000
01028319
00000511
00800000
01028319
0000051b
00800000
01028319
00000525
00800000
01028319
00000539
00800000
01028319
0000053a
00800000
01028319
00000544
00800000
01028319
0000054e
00800000
01028319
00000558
00800000
01028319
00000562
00800000
01028319
0000056c
00800000
01028319
00000581
00800000
01028319
00000595
00800000
01028319
0000059f
00800000
01028319
000005a9
00800000
01028319
000005b4
00800000
01028319
000005be
00800000
01028319
000005d2
00800000
01028319
000005dc
00800000
01028319
000005e6
00800000
01028319
000005f1
00800000
01028319
000005fb
00800000
01028319
00000605
00800000
01028319
0000060f
00800000
01028319
00000642
00800000
01028319
0000066b
00800000
01028319
00000675
00800000
01028319
0000067f
00800000
01028319
0000069d
00800000
01028319
0000069e
00800000
01028319
000006a8
00800000
01028319
000006b2
00800000
01028319
000006bc
00800000
01028319
000006c6
00800000
01028319
000006d0
00800000
01028319
000006db
00800000
01028319
000006e5
00800000
01028319
000006ef
00800000
01028319
0000070d
00800000
01028319
00000722
00800000
01028319
0000072c
00800000
01028319
00000740
00800000
01028319
0000074a
00800000
01028319
00000755
00800000
01028319
0000075f
00800000
01028319
00000769
00800000
01028319
00000773
00800000
01028319
00000787
00800000
01028319
00000792
00800000
01028319
0000079c
00800000
01028319
000007a6
00800000
01028319
000007b0
00800000
01028319
000007ba
00800000
01028319
000007c4
00800000
01028319
000007c5
00800000
01028319
000007e3
00800000
01028319
000007ed
00800000
01028319
000007f7
00800000
01028319
0000080c
00800000
01028319
00000816
00800000
01028319
00000820
00800000
01028319
0000082a
00800000
01028319
00000834
00800000
01028319
00000849
00800000
01028319
00000867
00800000
01028319
00000871
00800000
01028319
0000087c
00800000
01028319
000008a4
00800000
01028319
000008ae
00800000
01028319
000008e1
00800000
01028319
000008eb
00800000
01028319
000008f6
00800000
01028319
0000090a
00800000
01028319
0000091e
00800000
01028319
00000928
00800000
01028319
00000929
00800000
01028319
00000933
00800000
01028319
0000093d
00800000
01028319
00000947
00800000
01028319
0000095b
00800000
01028319
0000097a
00800000
01028319
00000998
00800000
01028319
000009a3
00800000
01028319
000009b7
00800000
01028319
000009cb
00800000
01028319
000009d5
00800000
01028319
000009e0
00800000
01028319
000009ea
00800000
01028319
000009f4
00800000
01028319
000009fe
00800000
01028319
00000a08
00800000
01028319
00000a12
00800000
01028319
00000a1d
00800000
01028319
00000a45
00800000
01028319
00000a4f
00800000
01028319
00000a5a
00800000
01028319
00000a78
00800000
01028319
00000a97
00800000
01028319
00000aa1
00800000
01028319
00000ade
00800000
01028319
00000ae8
00800000
01028319
00000af2
00800000
01028319
00000b07
00800000
01028319
00000b11
00800000
01028319
00000b1b
00800000
01028319
00000b25
00800000
01028319
00000b2f
00800000
01028319
00000b39
00800000
01028319
00000b44
00800000
01028319
00000b4e
00800000
01028319
00000b58
00800000
01028319
00000b62
00800000
01028319
00000b76
00800000
01028319
00000b81
00800000
01028319
00000b8b
00800000
01028319
00000b9f
00800000
01028319
00000ba9
00800000
01028319
00000bb3
00800000
01028319
00000bbe
00800000
01028319
00000bd2
00800000
01028319
00000bdc
00800000
01028319
00000be6
00800000
01028319
00000bf0
00800000
01028319
00000c05
00800000
01028319
00000c0f
00800000
01028319
00000c19
00800000
01028319
00000c2d
00800000
01028319
00000c2e
00800000
01028319
00000c38
00800000
01028319
00000c42
00800000
01028319
00000c4c
00800000
01028319
00000c56
00800000
01028319
00000c60
00800000
01028319
00000c6b
00800000
01028319
00000c75
00800000
01028319
00000c7f
00800000
01028319
00000ca8
00800000
01028319
00000cc6
00800000
01028319
00000cda
00800000
01028319
00000ce5
00800000
01028319
00000d36
00800000
01028319
00000d54
00800000
01028319
00000d5f
00800000
01028319
00000d73
00800000
01028319
00000d91
00800000
01028319
00000d92
00800000
01028319
00000db0
00800000
01028319
00000dba
00800000
01028319
00000dc4
00800000
01028319
00000dcf
00800000
01028319
00000dd9
00800000
01028319
00000de3
00800000
01028319
00000ded
00800000
01028319
00000df7
00800000
01028319
00000e0c
00800000
01028319
00000e20
00800000
01028319
00000e2a
00800000
01028319
00000e3e
00800000
01028319
00000e53
00800000
01028319
00000e67
00800000
01028319
00000e71
00800000
01028319
00000e7b
00800000
01028319
00000e90
00800000
01028319
00000e9a
00800000
01028319
00000ea4
00800000
01028319
00000eb8
00800000
01028319
00000ecd
00800000
01028319
00000ee1
00800000
01028319
00000ef5
00800000
01028319
00000ef6
00800000
01028319
00000f00
00800000
01028319
00000f0a
00800000
01028319
00000f14
00800000
01028319
00000f1e
00800000
01028319
00000f33
00800000
01028319
00000f3d
00800000
01028319
00000f47
00800000
01028319
00000f51
00800000
01028319
00000f5b
00800000
01028319
00000f7a
00800000
01028319
00000f8e
00800000
01028319
00000fa2
00800000
01028319
00000fb7
00800000
01028319
00000fcb
00800000
01028319
00000fea
00800000
01028319
00000ffe
00800000
01028319
0000101c
00800000
01028319
00001027
00800000
01028319
0000103b
00800000
01028319
00001045
00800000
01028319
00001059
00800000
01028319
0000105a
00800000
01028319
0000106e
00800000
01028319
00001082
00800000
01028319
00001096
00800000
01028319
00001097
00800000
01028319
000010a1
00800000
01028319
000010ab
00800000
01028319
000010b5
00800000
01028319
000010c9
00800000
01028319
000010de
00800000
01028319
00001106
00800000
01028319
00001111
00800000
01028319
0000111b
00800000
01028319
00001125
00800000
01028319
0000112f
00800000
01028319
00001143
00800000
01028319
0000114e
00800000
01028319
00001158
00800000
01028319
00001162
00800000
01028319
0000116c
00800000
01028319
00001180
00800000
01028319
000011bd
00800000
01028319
000011be
00800000
01028319
000011c8
00800000
01028319
000011e6
00800000
01028319
000011f0
00800000
01028319
000011fa
00800000
01028319
000011fb
00800000
01028319
0000120f
00800000
01028319
00001219
00800000
01028319
0000124c
00800000
01028319
00001260
00800000
01028319
0000126a
00800000
01028319
00001275
00800000
01028319
0000127f
00800000
01028319
0000129d
00800000
01028319
000012b2
00800000
01028319
000012bc
00800000
01028319
000012c6
00800000
01028319
000012da
00800000
01028319
000012ef
00800000
01028319
0000130d
00800000
01028319
00001317
00800000
01028319
0000132c
00800000
01028319
00001336
00800000
01028319
0000134a
00800000
01028319
00001354
00800000
01028319
0000135e
00800000
01028319
0000135f
00800000
01028319
00001373
00800000
01028319
0000137d
00800000
01028319
00001387
00800000
01028319
000013b0
00800000
01028319
000013ba
00800000
01028319
000013ce
00800000
01028319
000013e3
00800000
01028319
000013ed
00800000
01028319
00001401
00800000
01028319
0000140b
00800000
01028319
00001416
00800000
01028319
00001420
00800000
01028319
00001434
00800000
01028319
0000143e
00800000
01028319
00001448
00800000
01028319
00001453
00800000
01028319
00001467
00800000
01028319
0000147b
00800000
01028319
00001485
00800000
01028319
00001486
00800000
01028319
00001490
00800000
01028319
0000149a
00800000
01028319
000014ae
00800000
01028319
000014c2
00800000
01028319
000014c3
00800000
01028319
000014cd
00800000
01028319
000014d7
00800000
01028319
000014e1
00800000
01028319
000014eb
00800000
01028319
0000150a
00800000
01028319
00001514
00800000
01028319
0000151e
00800000
01028319
0000153d
00800000
01028319
00001547
00800000
01028319
00001551
00800000
01028319
00001565
00800000
01028319
0000156f
00800000
01028319
0000157a
00800000
01028319
00001584
00800000
01028319
0000158e
00800000
01028319
000015a2
00800000
01028319
000015ac
00800000
01028319
000015b7
00800000
01028319
000015c1
00800000
01028319
000015cb
00800000
01028319
000015d5
00800000
01028319
000015f4
00800000
01028319
00001608
00800000
01028319
00001627
00800000
01028319
00001631
00800000
01028319
00001645
00800000
01028319
00001664
00800000
01028319
00001678
00800000
01028319
000016ab
00800000
01028319
000016bf
00800000
01028319
000016c9
00800000
01028319
000016e8
00800000
01028319
000016f2
00800000
01028319
000016fc
00800000
01028319
00001706
00800000
01028319
00001710
00800000
01028319
00001725
00800000
01028319
0000174d
00800000
01028319
00001762
00800000
01028319
00001776
00800000
01028319
00001780
00800000
01028319
0000178a
00800000
01028319
0000178b
00800000
01028319
00001795
00800000
01028319
0000179f
00800000
01028319
000017a9
00800000
01028319
000017b3
00800000
01028319
000017d2
00800000
01028319
000017f0
00800000
01028319
00001805
00800000
01028319
0000180f
00800000
01028319
00001819
00800000
01028319
00001823
00800000
01028319
00001837
00800000
01028319
0000184c
00800000
01028319
00001860
00800000
01028319
00001874
00800000
01028319
00001889
00800000
01028319
00001893
00800000
01028319
000018bc
00800000
01028319
000018c6
00800000
01028319
000018da
00800000
01028319
000018e4
00800000
01028319
000018ee
00800000
01028319
000018ef
00800000
01028319
000018f9
00800000
01028319
00001903
00800000
01028319
0000190d
00800000
01028319
00001940
00800000
01028319
00001954
00800000
01028319
0000195e
00800000
01028319
00001969
00800000
01028319
00001973
00800000
01028319
00001987
00800000
01028319
000019a6
00800000
01028319
000019c4
00800000
01028319
000019ce
00800000
01028319
000019d8
00800000
01028319
000019ed
00800000
01028319
000019f7
00800000
01028319
00001a0b
00800000
01028319
00001a2a
00800000
01028319
00001a34
00800000
01028319
00001a48
00800000
01028319
00001a67
00800000
01028319
00001a7b
00800000
01028319
00001a85
00800000
01028319
00001a90
00800000
01028319
00001a9a
00800000
01028319
00001aa4
00800000
01028319
00001aae
00800000
01028319
00001ab8
00800000
01028319
00001ad7
00800000
01028319
00001aeb
00800000
01028319
00001af5
00800000
01028319
00001aff
00800000
01028319
00001b0a
00800000
01028319
00001b14
00800000
01028319
00001b32
00800000
01028319
00001b47
00800000
01028319
00001b51
00800000
01028319
00001b5b
00800000
01028319
00001b65
00800000
01028319
00001b6f
00800000
01028319
00001b79
00800000
01028319
00001b7a
00800000
01028319
00001b84
00800000
01028319
00001b8e
00800000
01028319
00001b98
00800000
01028319
00001ba2
00800000
01028319
00001bc1
00800000
01028319
00001bcb
00800000
01028319
00001bd5
00800000
01028319
00001bdf
00800000
01028319
00001be9
00800000
01028319
00001c08
00800000
01028319
00001c12
00800000
01028319
00001c1c
00800000
01028319
00001c3b
00800000
01028319
00001c45
00800000
01028319
00001c63
00800000
01028319
00001c96
00800000
01028319
00001ca0
00800000
01028319
00001cbf
00800000
01028319
00001cdd
00800000
01028319
00001ce8
00800000
01028319
00001cf2
00800000
01028319
00001d06
00800000
01028319
00001d1a
00800000
01028319
00001d1b
00800000
01028319
00001d25
00800000
01028319
00001d58
00800000
01028319
00001d62
00800000
01028319
00001d76
00800000
01028319
00001d80
00800000
01028319
00001d8a
00800000
01028319
00001d95
00800000
01028319
00001db3
00800000
01028319
00001dbd
00800000
01028319
00001dc7
00800000
01028319
00001dd2
00800000
01028319
00001ddc
00800000
01028319
00001de6
00800000
01028319
00001df0
00800000
01028319
00001e04
00800000
01028319
00001e0f
00800000
01028319
00001e19
00800000
01028319
00001e23
00800000
01028319
00001e2d
00800000
01028319
00001e37
00800000
01028319
00001e41
00800000
01028319
00001e56
00800000
01028319
00001e60
00800000
01028319
00001e74
00800000
01028319
00001e7e
00800000
01028319
00001e7f
00800000
01028319
00001e89
00800000
01028319
00001e93
00800000
01028319
00001e9d
00800000
01028319
00001eb1
00800000
01028319
00001ebc
00800000
01028319
00001ed0
00800000
01028319
00001eda
00800000
01028319
00001eee
00800000
01028319
00001ef9
00800000
01028319
00001f17
00800000
01028319
00001f21
00800000
01028319
00001f2b
00800000
01028319
00001f54
00800000
01028319
00001f5e
00800000
01028319
00001f68
00800000
01028319
00001f7d
00800000
01028319
00001f87
00800000
01028319
00001f91
00800000
01028319
00001fa5
00800000
01028319
00001fce
00800000
01028319
00001fd8
00800000
01028319
00001fed
00800000
01028319
00001ff7
00800000
01028319
0000200b
00800000
01028319
00002015
00800000
01028319
00002020
00800000
01028319
0000202a
00800000
01028319
0000203e
00800000
01028319
00002052
00800000
01028319
0000205d
00800000
01028319
00002085
00800000
01028319
0000208f
00800000
01028319
0000209a
00800000
01028319
000020a4
00800000
01028319
000020b8
00800000
01028319
000020c2
00800000
01028319
000020d7
00800000
01028319
000020f5
00800000
01028319
000020ff
00800000
01028319
00002109
00800000
01028319
00002114
00800000
01028319
00002128
00800000
01028319
0000213c
00800000
01028319
00002146
00800000
01028319
00002147
00800000
01028319
0000215b
00800000
01028319
00002165
00800000
01028319
00002179
00800000
01028319
00002184
00800000
01028319
00002198
00800000
01028319
000021a2
00800000
01028319
000021c1
00800000
01028319
000021cb
00800000
01028319
000021d5
00800000
01028319
000021df
00800000
01028319
000021f3
00800000
01028319
00002212
00800000
01028319
0000221c
00800000
01028319
00002245
00800000
01028319
0000224f
00800000
01028319
00002259
00800000
01028319
00002263
00800000
01028319
0000226d
00800000
01028319
00002278
00800000
01028319
00002282
00800000
01028319
0000228c
00800000
01028319
00002296
00800000
01028319
000022b5
00800000
01028319
000022dd
00800000
01028319
000022f2
00800000
01028319
00002306
00800000
01028319
00002310
00800000
01028319
0000231a
00800000
01028319
00002325
00800000
01028319
00002339
00800000
01028319
00002343
00800000
01028319
0000234d
00800000
01028319
00002357
00800000
01028319
0000236c
00800000
01028319
00002376
00800000
01028319
00002380
00800000
01028319
000023a9
00800000
01028319
000023b3
00800000
01028319
000023c7
00800000
01028319
000023d1
00800000
01028319
000023f0
00800000
01028319
000023fa
00800000
01028319
00002404
00800000
01028319
0000240e
00800000
01028319
0000240f
00800000
01028319
00002419
00800000
01028319
00002437
00800000
01028319
00002441
00800000
01028319
0000244b
00800000
01028319
0000244c
00800000
01028319
00002456
00800000
01028319
00002460
00800000
01028319
0000246a
00800000
01028319
0000247e
00800000
01028319
00002489
00800000
01028319
00002493
00800000
01028319
000024a7
00800000
01028319
000024d0
00800000
01028319
000024e4
00800000
01028319
000024ee
00800000
01028319
000024f8
00800000
01028319
00002503
00800000
01028319
0000250d
00800000
01028319
00002517
00800000
01028319
00002521
00800000
01028319
0000252b
00800000
01028319
00002540
00800000
01028319
0000254a
00800000
01028319
0000255e
00800000
01028319
00002587
00800000
01028319
00002591
00800000
01028319
000025a5
00800000
01028319
000025ba
00800000
01028319
000025c4
00800000
01028319
000025ce
00800000
01028319
000025d8
00800000
01028319
000025e2
00800000
01028319
000025f7
00800000
01028319
00002601
00800000
01028319
00002615
00800000
01028319
0000261f
00800000
01028319
0000262a
00800000
01028319
00002634
00800000
01028319
00002648
00800000
01028319
00002652
00800000
01028319
00002667
00800000
01028319
0000268f
00800000
01028319
00002699
00800000
01028319
000026a4
00800000
01028319
000026ae
00800000
01028319
000026b8
00800000
01028319
000026cc
00800000
01028319
000026d6
00800000
01028319
000026d7
00800000
01028319
000026e1
00800000
01028319
000026eb
00800000
01028319
