01028319
00000000
00800000
01028319
0000000f
00800000
01028319
00000019
00800000
01028319
00000023
00800000
01028319
0000002d
00800000
01028319
0000002e
00800000
01028319
00000038
00800000
01028319
00000042
00800000
01028319
0000004c
00800000
01028319
00000056
00800000
01028319
00000060
00800000
01028319
0000006a
00800000
01028319
0000006b
00800000
01028319
00000075
00800000
01028319
0000007f
00800000
01028319
00000089
00800000
01028319
00000093
00800000
01028319
000000a8
00800000
01028319
000000b2
00800000
01028319
000000bc
00800000
01028319
000000d0
00800000
01028319
000000da
00800000
01028319
000000ef
00800000
01028319
000000f9
00800000
01028319
00000103
00800000
01028319
0000010d
00800000
01028319
00000117
00800000
01028319
00000122
00800000
01028319
0000012c
00800000
01028319
0000014a
00800000
01028319
00000154
00800000
01028319
0000015f
00800000
01028319
00000169
00800000
01028319
00000173
00800000
01028319
0000017d
00800000
01028319
00000187
00800000
01028319
00000191
00800000
01028319
00000192
00800000
01028319
0000019c
00800000
01028319
000001b0
00800000
01028319
000001ba
00800000
01028319
000001c4
00800000
01028319
000001ce
00800000
01028319
000001cf
00800000
01028319
000001d9
00800000
01028319
000001e3
00800000
01028319
000001ed
00800000
01028319
000001f7
00800000
01028319
00000201
00800000
01028319
0000020c
00800000
01028319
00000216
00800000
01028319
00000220
00800000
01028319
0000022a
00800000
01028319
00000234
00800000
01028319
0000023e
00800000
01028319
00000249
00800000
01028319
00000253
00800000
01028319
0000025d
00800000
01028319
00000267
00800000
01028319
00000271
00800000
01028319
0000027b
00800000
01028319
00000286
00800000
01028319
00000290
00800000
01028319
000002ae
00800000
01028319
000002b8
00800000
01028319
000002c3
00800000
01028319
000002cd
00800000
01028319
000002d7
00800000
01028319
000002e1
00800000
01028319
000002eb
00800000
01028319
00000300
00800000
01028319
0000030a
00800000
01028319
00000314
00800000
01028319
0000031e
00800000
01028319
00000332
00800000
01028319
00000333
00800000
01028319
0000033d
00800000
01028319
00000347
00800000
01028319
00000351
00800000
01028319
0000035b
00800000
01028319
00000365
00800000
01028319
00000370
00800000
01028319
0000037a
00800000
01028319
00000398
00800000
01028319
000003a2
00800000
01028319
000003b7
00800000
01028319
000003c1
00800000
01028319
000003cb
00800000
01028319
000003d5
00800000
01028319
000003df
00800000
01028319
000003ea
00800000
01028319
000003f4
00800000
01028319
000003fe
00800000
01028319
00000408
00800000
01028319
00000412
00800000
01028319
0000041c
00800000
01028319
00000427
00800000
01028319
00000431
00800000
01028319
0000043b
00800000
01028319
00000445
00800000
01028319
0000044f
00800000
01028319
00000459
00800000
01028319
0000045a
00800000
01028319
00000464
00800000
01028319
0000046e
00800000
01028319
00000478
00800000
01028319
00000482
00800000
01028319
0000048c
00800000
01028319
00000496
00800000
01028319
00000497
00800000
01028319
000004a1
00800000
01028319
000004ab
00800000
01028319
000004b5
00800000
01028319
000004bf
00800000
01028319
000004c9
00800000
01028319
000004d4
00800000
01028319
000004de
00800000
01028319
000004e8
00800000
01028319
000004f2
00800000
01028319
000004fc
00800000
01028319
00000506
00800000
01028319
00000511
00800000
01028319
0000051b
00800000
01028319
0000052f
00800000
01028319
00000539
00800000
01028319
00000543
00800000
01028319
0000054e
00800000
01028319
00000558
00800000
01028319
00000562
00800000
01028319
0000056c
00800000
01028319
00000576
00800000
01028319
00000580
00800000
01028319
0000058b
00800000
01028319
00000595
00800000
01028319
0000059f
00800000
01028319
000005a9
00800000
01028319
000005b3
00800000
01028319
000005bd
00800000
01028319
000005c8
00800000
01028319
000005d2
00800000
01028319
000005dc
00800000
01028319
000005f0
00800000
01028319
000005fa
00800000
01028319
000005fb
00800000
01028319
00000605
00800000
01028319
0000060f
00800000
01028319
00000619
00800000
01028319
00000623
00800000
01028319
0000062d
00800000
01028319
00000638
00800000
01028319
00000642
00800000
01028319
0000064c
00800000
01028319
00000656
00800000
01028319
00000660
00800000
01028319
0000066a
00800000
01028319
00000675
00800000
01028319
0000067f
00800000
01028319
00000689
00800000
01028319
00000693
00800000
01028319
0000069d
00800000
01028319
000006a7
00800000
01028319
000006bc
00800000
01028319
000006c6
00800000
01028319
000006da
00800000
01028319
000006e4
00800000
01028319
000006ef
00800000
01028319
000006f9
00800000
01028319
00000703
00800000
01028319
0000070d
00800000
01028319
00000717
00800000
01028319
00000721
00800000
01028319
00000740
00800000
01028319
0000074a
00800000
01028319
00000754
00800000
01028319
0000075e
00800000
01028319
0000075f
00800000
01028319
00000769
00800000
01028319
00000773
00800000
01028319
0000077d
00800000
01028319
00000787
00800000
01028319
00000791
00800000
01028319
0000079c
00800000
01028319
000007a6
00800000
01028319
000007b0
00800000
01028319
000007ba
00800000
01028319
000007c4
00800000
01028319
000007ce
00800000
01028319
000007d9
00800000
01028319
000007e3
00800000
01028319
000007ed
00800000
01028319
000007f7
00800000
01028319
00000801
00800000
01028319
0000080b
00800000
01028319
00000816
00800000
01028319
00000820
00800000
01028319
0000082a
00800000
01028319
0000083e
00800000
01028319
00000848
00800000
01028319
00000853
00800000
01028319
0000085d
00800000
01028319
00000867
00800000
01028319
00000871
00800000
01028319
0000087b
00800000
01028319
00000885
00800000
01028319
00000886
00800000
01028319
00000890
00800000
01028319
000008a4
00800000
01028319
000008ae
00800000
01028319
000008b8
00800000
01028319
000008c2
00800000
01028319
000008c3
00800000
01028319
000008cd
00800000
01028319
000008d7
00800000
01028319
000008e1
00800000
01028319
000008eb
00800000
01028319
000008f5
00800000
01028319
00000900
00800000
01028319
0000090a
00800000
01028319
0000091e
00800000
01028319
00000928
00800000
01028319
00000932
00800000
01028319
0000093d
00800000
01028319
00000951
00800000
01028319
0000095b
00800000
01028319
00000965
00800000
01028319
0000096f
00800000
01028319
0000097a
00800000
01028319
00000984
00800000
01028319
0000098e
00800000
01028319
000009a2
00800000
01028319
000009ac
00800000
01028319
000009b7
00800000
01028319
000009c1
00800000
01028319
000009d5
00800000
01028319
000009df
00800000
01028319
000009e9
00800000
01028319
000009f4
00800000
01028319
000009fe
00800000
01028319
00000a08
00800000
01028319
00000a12
00800000
01028319
00000a1c
00800000
01028319
00000a26
00800000
01028319
00000a27
00800000
01028319
00000a31
00800000
01028319
00000a3b
00800000
01028319
00000a45
00800000
01028319
00000a4f
00800000
01028319
00000a59
00800000
01028319
00000a64
00800000
01028319
00000a6e
00800000
01028319
00000a78
00800000
01028319
00000a82
00800000
01028319
00000a8c
00800000
01028319
00000a96
00800000
01028319
00000aa1
00800000
01028319
00000aab
00800000
01028319
00000abf
00800000
01028319
00000ac9
00800000
01028319
00000ad3
00800000
01028319
00000ade
00800000
01028319
00000ae8
00800000
01028319
00000b06
00800000
01028319
00000b10
00800000
01028319
00000b1b
00800000
01028319
00000b25
00800000
01028319
00000b2f
00800000
01028319
00000b39
00800000
01028319
00000b43
00800000
01028319
00000b4d
00800000
01028319
00000b58
00800000
01028319
00000b62
00800000
01028319
00000b6c
00800000
01028319
00000b76
00800000
01028319
00000b80
00800000
01028319
00000b95
00800000
01028319
00000bb3
00800000
01028319
00000bc8
00800000
01028319
00000bd2
00800000
01028319
00000bf0
00800000
01028319
00000bfa
00800000
01028319
00000c05
00800000
01028319
00000c0f
00800000
01028319
00000c19
00800000
01028319
00000c23
00800000
01028319
00000c2d
00800000
01028319
00000c37
00800000
01028319
00000c4c
00800000
01028319
00000c56
00800000
01028319
00000c60
00800000
01028319
00000c6a
00800000
01028319
00000c7f
00800000
01028319
00000c89
00800000
01028319
00000c9d
00800000
01028319
00000ca7
00800000
01028319
00000cb1
00800000
01028319
00000cbc
00800000
01028319
00000cc6
00800000
01028319
00000cd0
00800000
01028319
00000cda
00800000
01028319
00000ce4
00800000
01028319
00000cee
00800000
01028319
00000cef
00800000
01028319
00000cf9
00800000
01028319
00000d03
00800000
01028319
00000d0d
00800000
01028319
00000d17
00800000
01028319
00000d21
00800000
01028319
00000d2b
00800000
01028319
00000d2c
00800000
01028319
00000d36
00800000
01028319
00000d40
00800000
01028319
00000d54
00800000
01028319
00000d5e
00800000
01028319
00000d73
00800000
01028319
00000d7d
00800000
01028319
00000d87
00800000
01028319
00000d91
00800000
01028319
00000d9b
00800000
01028319
00000da6
00800000
01028319
00000db0
00800000
01028319
00000dba
00800000
01028319
00000dc4
00800000
01028319
00000dce
00800000
01028319
00000dd8
00800000
01028319
00000de3
00800000
01028319
00000ded
00800000
01028319
00000df7
00800000
01028319
00000e01
00800000
01028319
00000e0b
00800000
01028319
00000e15
00800000
01028319
00000e20
00800000
01028319
00000e2a
00800000
01028319
00000e34
00800000
01028319
00000e3e
00800000
01028319
00000e48
00800000
01028319
00000e52
00800000
01028319
00000e53
00800000
01028319
00000e5d
00800000
01028319
00000e67
00800000
01028319
00000e71
00800000
01028319
00000e7b
00800000
01028319
00000e85
00800000
01028319
00000e90
00800000
01028319
00000ea4
00800000
01028319
00000eae
00800000
01028319
00000eb8
00800000
01028319
00000ec2
00800000
01028319
00000ecd
00800000
01028319
00000ed7
00800000
01028319
00000ee1
00800000
01028319
00000ef5
00800000
01028319
00000eff
00800000
01028319
00000f0a
00800000
01028319
00000f14
00800000
01028319
00000f1e
00800000
01028319
00000f28
00800000
01028319
00000f32
00800000
01028319
00000f3c
00800000
01028319
00000f47
00800000
01028319
00000f51
00800000
01028319
00000f5b
00800000
01028319
00000f65
00800000
01028319
00000f6f
00800000
01028319
00000f79
00800000
01028319
00000f84
00800000
01028319
00000f8e
00800000
01028319
00000f98
00800000
01028319
00000fa2
00800000
01028319
00000fac
00800000
01028319
00000fb6
00800000
01028319
00000fb7
00800000
01028319
00000fc1
00800000
01028319
00000fd5
00800000
01028319
00000fdf
00800000
01028319
00000fe9
00800000
01028319
00000ff3
00800000
01028319
00000ff4
00800000
01028319
00000ffe
00800000
01028319
00001008
00800000
01028319
00001012
00800000
01028319
0000101c
00800000
01028319
00001031
00800000
01028319
0000103b
00800000
01028319
00001045
00800000
01028319
0000104f
00800000
01028319
00001059
00800000
01028319
00001063
00800000
01028319
0000106e
00800000
01028319
00001078
00800000
01028319
00001082
00800000
01028319
0000108c
00800000
01028319
00001096
00800000
01028319
000010a0
00800000
01028319
000010ab
00800000
01028319
000010bf
00800000
01028319
000010c9
00800000
01028319
000010d3
00800000
01028319
000010dd
00800000
01028319
000010e8
00800000
01028319
000010f2
00800000
01028319
000010fc
00800000
01028319
00001110
00800000
01028319
0000111a
00800000
01028319
0000111b
00800000
01028319
00001125
00800000
01028319
0000112f
00800000
01028319
00001139
00800000
01028319
00001143
00800000
01028319
0000114d
00800000
01028319
00001157
00800000
01028319
00001158
00800000
01028319
00001162
00800000
01028319
0000116c
00800000
01028319
00001176
00800000
01028319
00001180
00800000
01028319
0000118a
00800000
01028319
00001195
00800000
01028319
0000119f
00800000
01028319
000011a9
00800000
01028319
000011b3
00800000
01028319
000011bd
00800000
01028319
000011c7
00800000
01028319
000011d2
00800000
01028319
000011dc
00800000
01028319
000011e6
00800000
01028319
000011f0
00800000
01028319
000011fa
00800000
01028319
0000120f
00800000
01028319
00001219
00800000
01028319
00001223
00800000
01028319
0000122d
00800000
01028319
00001237
00800000
01028319
00001241
00800000
01028319
0000124c
00800000
01028319
00001256
00800000
01028319
00001260
00800000
01028319
0000126a
00800000
01028319
00001274
00800000
01028319
0000127e
00800000
01028319
0000127f
00800000
01028319
00001289
00800000
01028319
00001293
00800000
01028319
0000129d
00800000
01028319
000012a7
00800000
01028319
000012b1
00800000
01028319
000012bb
00800000
01028319
000012bc
00800000
01028319
000012c6
00800000
01028319
000012d0
00800000
01028319
000012da
00800000
01028319
000012e4
00800000
01028319
000012ee
00800000
01028319
000012f9
00800000
01028319
00001303
00800000
01028319
0000130d
00800000
01028319
00001317
00800000
01028319
00001321
00800000
01028319
0000132b
00800000
01028319
00001336
00800000
01028319
00001340
00800000
01028319
00001354
00800000
01028319
0000135e
00800000
01028319
00001368
00800000
01028319
00001373
00800000
01028319
0000137d
00800000
01028319
00001391
00800000
01028319
0000139b
00800000
01028319
000013a5
00800000
01028319
000013ba
00800000
01028319
000013c4
00800000
01028319
000013ce
00800000
01028319
000013d8
00800000
01028319
000013e2
00800000
01028319
000013e3
00800000
01028319
000013ed
00800000
01028319
000013f7
00800000
01028319
00001401
00800000
01028319
0000140b
00800000
01028319
00001415
00800000
01028319
0000141f
00800000
01028319
00001420
00800000
01028319
0000142a
00800000
01028319
00001448
00800000
01028319
00001452
00800000
01028319
0000145d
00800000
01028319
00001467
00800000
01028319
00001471
00800000
01028319
0000147b
00800000
01028319
0000148f
00800000
01028319
0000149a
00800000
01028319
000014a4
00800000
01028319
000014ae
00800000
01028319
000014b8
00800000
01028319
000014c2
00800000
01028319
000014cc
00800000
01028319
000014e1
00800000
01028319
000014eb
00800000
01028319
000014f5
00800000
01028319
000014ff
00800000
01028319
00001509
00800000
01028319
00001514
00800000
01028319
0000151e
00800000
01028319
00001528
00800000
01028319
00001532
00800000
01028319
0000153c
00800000
01028319
00001546
00800000
01028319
00001547
00800000
01028319
00001551
00800000
01028319
0000155b
00800000
01028319
00001565
00800000
01028319
00001579
00800000
01028319
00001583
00800000
01028319
00001584
00800000
01028319
0000158e
00800000
01028319
00001598
00800000
01028319
000015a2
00800000
01028319
000015ac
00800000
01028319
000015b6
00800000
01028319
000015c1
00800000
01028319
000015cb
00800000
01028319
000015d5
00800000
01028319
000015df
00800000
01028319
000015e9
00800000
01028319
000015f3
00800000
01028319
000015fe
00800000
01028319
00001608
00800000
01028319
00001612
00800000
01028319
00001626
00800000
01028319
00001630
00800000
01028319
0000163b
00800000
01028319
00001645
00800000
01028319
0000164f
00800000
01028319
00001659
00800000
01028319
00001663
00800000
01028319
0000166d
00800000
01028319
00001678
00800000
01028319
00001682
00800000
01028319
00001696
00800000
01028319
000016a0
00800000
01028319
000016aa
00800000
01028319
000016ab
00800000
01028319
000016bf
00800000
01028319
000016d3
00800000
01028319
000016e7
00800000
01028319
000016e8
00800000
01028319
000016f2
00800000
01028319
000016fc
00800000
01028319
00001706
00800000
01028319
00001710
00800000
01028319
0000171a
00800000
01028319
00001725
00800000
01028319
00001739
00800000
01028319
00001743
00800000
01028319
0000174d
00800000
01028319
00001757
00800000
01028319
00001762
00800000
01028319
0000176c
00800000
01028319
00001776
00800000
01028319
00001780
00800000
01028319
0000178a
00800000
01028319
00001794
00800000
01028319
000017a9
00800000
01028319
000017b3
00800000
01028319
000017bd
00800000
01028319
000017c7
00800000
01028319
000017d1
00800000
01028319
000017dc
00800000
01028319
000017e6
00800000
01028319
000017f0
00800000
01028319
000017fa
00800000
01028319
00001804
00800000
01028319
0000180e
00800000
01028319
00001819
00800000
01028319
00001823
00800000
01028319
0000182d
00800000
01028319
00001837
00800000
01028319
00001841
00800000
01028319
00001856
00800000
01028319
00001860
00800000
01028319
0000186a
00800000
01028319
00001874
00800000
01028319
0000187e
00800000
01028319
00001889
00800000
01028319
00001893
00800000
01028319
0000189d
00800000
01028319
000018a7
00800000
01028319
000018b1
00800000
01028319
000018bb
00800000
01028319
000018c6
00800000
01028319
000018d0
00800000
01028319
000018da
00800000
01028319
000018e4
00800000
01028319
000018ee
00800000
01028319
000018f8
00800000
01028319
00001903
00800000
01028319
0000190d
00800000
01028319
00001917
00800000
01028319
00001921
00800000
01028319
0000192b
00800000
01028319
00001935
00800000
01028319
00001940
00800000
01028319
0000194a
00800000
01028319
00001954
00800000
01028319
0000195e
00800000
01028319
00001968
00800000
01028319
0000197d
00800000
01028319
00001987
00800000
01028319
00001991
00800000
01028319
0000199b
00800000
01028319
000019a5
00800000
01028319
000019af
00800000
01028319
000019b0
00800000
01028319
000019ba
00800000
01028319
000019c4
00800000
01028319
000019ce
00800000
01028319
000019e2
00800000
01028319
000019ed
00800000
01028319
000019f7
00800000
01028319
00001a01
00800000
01028319
00001a0b
00800000
01028319
00001a15
00800000
01028319
00001a1f
00800000
01028319
00001a2a
00800000
01028319
00001a34
00800000
01028319
00001a3e
00800000
01028319
00001a48
00800000
01028319
00001a52
00800000
01028319
00001a5c
00800000
01028319
00001a67
00800000
01028319
00001a7b
00800000
01028319
00001a85
00800000
01028319
00001a8f
00800000
01028319
00001a99
00800000
01028319
00001aa4
00800000
01028319
00001aae
00800000
01028319
00001ab8
00800000
01028319
00001ac2
00800000
01028319
00001acc
00800000
01028319
00001ad6
00800000
01028319
00001ad7
00800000
01028319
00001ae1
00800000
01028319
00001aeb
00800000
01028319
00001af5
00800000
01028319
00001aff
00800000
01028319
00001b09
00800000
01028319
00001b13
00800000
01028319
00001b14
00800000
01028319
00001b1e
00800000
01028319
00001b28
00800000
01028319
00001b32
00800000
01028319
00001b3c
00800000
01028319
00001b46
00800000
01028319
00001b51
00800000
01028319
00001b5b
00800000
01028319
00001b65
00800000
01028319
00001b83
00800000
01028319
00001b8e
00800000
01028319
00001b98
00800000
01028319
00001ba2
00800000
01028319
00001bac
00800000
01028319
00001bb6
00800000
01028319
00001bc0
00800000
01028319
00001bcb
00800000
01028319
00001bd5
00800000
01028319
00001bdf
00800000
01028319
00001be9
00800000
01028319
00001bf3
00800000
01028319
00001bfd
00800000
01028319
00001c08
00800000
01028319
00001c12
00800000
01028319
00001c1c
00800000
01028319
00001c30
00800000
01028319
00001c3a
00800000
01028319
00001c3b
00800000
01028319
00001c45
00800000
01028319
00001c4f
00800000
01028319
00001c59
00800000
01028319
00001c63
00800000
01028319
00001c77
00800000
01028319
00001c78
00800000
01028319
00001c82
00800000
01028319
00001c96
00800000
01028319
00001ca0
00800000
01028319
00001cb5
00800000
01028319
00001cbf
00800000
01028319
00001cc9
00800000
01028319
00001cd3
00800000
01028319
00001ce7
00800000
01028319
00001cf2
00800000
01028319
00001cfc
00800000
01028319
00001d06
00800000
01028319
00001d10
00800000
01028319
00001d1a
00800000
01028319
00001d24
00800000
01028319
00001d2f
00800000
01028319
00001d39
00800000
01028319
00001d4d
00800000
01028319
00001d61
00800000
01028319
00001d6c
00800000
01028319
00001d76
00800000
01028319
00001d80
00800000
01028319
00001d8a
00800000
01028319
00001d94
00800000
01028319
00001d9e
00800000
01028319
00001d9f
00800000
01028319
00001da9
00800000
01028319
00001db3
00800000
01028319
00001dbd
00800000
01028319
00001dc7
00800000
01028319
00001dd1
00800000
01028319
00001ddb
00800000
01028319
00001ddc
00800000
01028319
00001de6
00800000
01028319
00001df0
00800000
01028319
00001dfa
00800000
01028319
00001e04
00800000
01028319
00001e18
00800000
01028319
00001e19
00800000
01028319
00001e23
00800000
01028319
00001e2d
00800000
01028319
00001e37
00800000
01028319
00001e41
00800000
01028319
00001e4b
00800000
01028319
00001e56
00800000
01028319
00001e60
00800000
01028319
00001e6a
00800000
01028319
00001e74
00800000
01028319
00001e7e
00800000
01028319
00001e88
00800000
01028319
00001e93
00800000
01028319
00001e9d
00800000
01028319
00001ea7
00800000
01028319
00001eb1
00800000
01028319
00001ebb
00800000
01028319
00001ec5
00800000
01028319
00001ed0
00800000
01028319
00001eda
00800000
01028319
00001ee4
00800000
01028319
00001eee
00800000
01028319
00001ef8
00800000
01028319
00001f02
00800000
01028319
00001f0d
00800000
01028319
00001f17
00800000
01028319
00001f21
00800000
01028319
00001f2b
00800000
01028319
00001f35
00800000
01028319
00001f3f
00800000
01028319
00001f40
00800000
01028319
00001f4a
00800000
01028319
00001f54
00800000
01028319
00001f5e
00800000
01028319
00001f68
00800000
01028319
00001f72
00800000
01028319
00001f7c
00800000
01028319
00001f7d
00800000
01028319
00001f87
00800000
01028319
00001f91
00800000
01028319
00001f9b
00800000
01028319
00001fa5
00800000
01028319
00001faf
00800000
01028319
00001fba
00800000
01028319
00001fc4
00800000
01028319
00001fce
00800000
01028319
00001fd8
00800000
01028319
00001fe2
00800000
01028319
00001ff7
00800000
01028319
00002001
00800000
01028319
0000200b
00800000
01028319
00002015
00800000
01028319
0000201f
00800000
01028319
00002034
00800000
01028319
0000203e
00800000
01028319
00002048
00800000
01028319
00002052
00800000
01028319
0000205c
00800000
01028319
00002066
00800000
01028319
0000207b
00800000
01028319
00002085
00800000
01028319
00002099
00800000
01028319
000020a3
00800000
01028319
000020a4
00800000
01028319
000020ae
00800000
01028319
000020c2
00800000
01028319
000020cc
00800000
01028319
000020d6
00800000
01028319
000020e1
00800000
01028319
000020eb
00800000
01028319
000020f5
00800000
01028319
000020ff
00800000
01028319
00002109
00800000
01028319
00002113
00800000
01028319
0000211e
00800000
01028319
00002128
00800000
01028319
00002132
00800000
01028319
0000213c
00800000
01028319
00002146
00800000
01028319
00002150
00800000
01028319
0000215b
00800000
01028319
00002165
00800000
01028319
0000216f
00800000
01028319
00002179
00800000
01028319
0000218d
00800000
01028319
00002198
00800000
01028319
000021a2
00800000
01028319
000021ac
00800000
01028319
000021b6
00800000
01028319
000021c0
00800000
01028319
000021ca
00800000
01028319
000021d5
00800000
01028319
000021df
00800000
01028319
000021e9
00800000
01028319
000021f3
00800000
01028319
000021fd
00800000
01028319
00002207
00800000
01028319
00002208
00800000
01028319
00002212
00800000
01028319
0000221c
00800000
01028319
00002226
00800000
01028319
00002230
00800000
01028319
00002245
00800000
01028319
0000224f
00800000
01028319
00002259
00800000
01028319
00002263
00800000
01028319
0000226d
00800000
01028319
00002282
00800000
01028319
0000228c
00800000
01028319
000022a0
00800000
01028319
000022b4
00800000
01028319
000022bf
00800000
01028319
000022c9
00800000
01028319
000022d3
00800000
01028319
000022dd
00800000
01028319
000022e7
00800000
01028319
000022f1
00800000
01028319
000022fc
00800000
01028319
00002306
00800000
01028319
00002310
00800000
01028319
0000231a
00800000
01028319
00002324
00800000
01028319
0000232e
00800000
01028319
00002339
00800000
01028319
00002343
00800000
01028319
0000234d
00800000
01028319
00002357
00800000
01028319
00002361
00800000
01028319
0000236b
00800000
01028319
0000236c
00800000
01028319
00002376
00800000
01028319
00002380
00800000
01028319
0000238a
00800000
01028319
00002394
00800000
01028319
000023b3
00800000
01028319
000023c7
00800000
01028319
000023db
00800000
01028319
000023e6
00800000
01028319
000023f0
00800000
01028319
000023fa
00800000
01028319
00002404
00800000
01028319
0000240e
00800000
01028319
00002418
00800000
01028319
0000242d
00800000
01028319
00002437
00800000
01028319
00002441
00800000
01028319
0000244b
00800000
01028319
00002460
00800000
01028319
0000246a
00800000
01028319
00002474
00800000
01028319
0000247e
00800000
01028319
00002488
00800000
01028319
00002492
00800000
01028319
000024a7
00800000
01028319
000024b1
00800000
01028319
000024cf
00800000
01028319
000024d0
00800000
01028319
000024da
00800000
01028319
000024e4
00800000
01028319
000024ee
00800000
01028319
000024f8
00800000
01028319
0000250c
00800000
01028319
0000250d
00800000
01028319
00002517
00800000
01028319
00002521
00800000
01028319
0000252b
00800000
01028319
00002535
00800000
01028319
0000253f
00800000
01028319
0000254a
00800000
01028319
00002554
00800000
01028319
0000255e
00800000
01028319
00002568
00800000
01028319
00002572
00800000
01028319
0000257c
00800000
01028319
00002587
00800000
01028319
00002591
00800000
01028319
000025af
00800000
01028319
000025b9
00800000
01028319
000025c4
00800000
01028319
000025ce
00800000
01028319
000025d8
00800000
01028319
000025e2
00800000
01028319
000025ec
00800000
01028319
000025f6
00800000
01028319
00002601
00800000
01028319
00002615
00800000
01028319
0000261f
00800000
01028319
00002629
00800000
01028319
00002633
00800000
01028319
00002634
00800000
01028319
0000263e
00800000
01028319
00002648
00800000
01028319
00002652
00800000
01028319
0000265c
00800000
01028319
00002666
00800000
01028319
00002670
00800000
01028319
00002671
00800000
01028319
0000267b
00800000
01028319
00002685
00800000
01028319
0000268f
00800000
01028319
00002699
00800000
01028319
000026a3
00800000
01028319
000026ae
00800000
01028319
000026b8
00800000
01028319
000026c2
00800000
01028319
000026cc
00800000
01028319
000026d6
00800000
01028319
000026e0
00800000
01028319
000026eb
00800000
01028319
000026ff
00800000
01028319
