01028014
01028099
01028115
0102811b
01028197
0102819f
010281a1
01028217
0102821f
01028297
0102829f
010282a1
0102830c
01028317
0102831f
01028321
0102838c
01028397
0102839f
010283a3
0102840c
01028417
0102841f
01028421
0102848c
01028497
0102849f
010284a1
01028516
0102851f
01028521
01028597
0102859b
01028614
0102861d
00000000
00800000
01028214
01028219
01028294
0102829a
01028314
0102831a
01028399
01028414
0102841a
01028514
00000006
00800000
01028211
01028219
01028294
01028299
0102831a
01028399
01028414
01028495
01028499
01028514
00000010
00800000
01028219
01028294
0102829b
01028312
01028392
01028399
01028414
0102841d
01028492
01028514
0000001a
00800000
01028399
00000024
00800000
01028399
00000025
00800000
0102819a
01028211
01028293
01028316
0102831a
01028396
01028399
01028414
0102841d
0000002f
00800000
01028114
01028214
01028219
0102829b
01028316
01028392
01028399
01028414
0102841a
00000039
00800000
01028214
01028219
01028292
01028299
01028314
01028392
01028399
01028414
01028494
0102849a
00000043
00800000
0102829d
01028314
0102831a
01028394
0102839d
01028414
01028494
0000004d
00800000
01028114
01028212
01028219
01028294
0102829b
01028316
0102831a
01028399
01028414
01028496
01028514
00000057
00800000
01028219
01028295
0102829f
01028314
0102831b
01028399
01028414
0102841a
01028514
00000062
00800000
01028211
01028293
0102829a
01028312
0102831a
01028392
01028399
01028414
0102841f
0000006c
00800000
01028194
01028214
01028219
01028294
01028314
0102831a
01028394
01028399
01028414
01028419
01028494
01028499
00000076
00800000
01028219
01028294
01028314
01028399
01028414
01028514
00000080
00800000
01028114
01028214
01028219
01028294
0102831e
01028392
01028399
01028414
0102841a
0102849a
0000008a
00800000
01028114
01028219
01028292
0102829a
01028312
0102831e
0102839d
01028414
0102841f
01028492
01028499
00000094
00800000
01028114
01028199
0102829b
01028316
01028399
01028414
0000009f
00800000
01028211
01028219
01028292
01028392
01028399
01028414
0102841b
01028499
01028514
000000a9
00800000
01028214
01028219
01028294
0102829a
01028314
0102831a
01028399
01028414
0102841a
01028514
000000b3
00800000
01028219
01028294
01028316
0102831a
01028392
01028414
0102841e
000000bd
00800000
01028214
01028219
0102829b
01028314
01028396
01028399
01028414
0102849a
000000c7
00800000
01028219
01028294
0102829a
01028316
01028396
01028399
01028414
0102841b
000000d1
00800000
01028295
0102829b
01028316
01028394
0102839c
01028414
0102841a
000000dc
00800000
01028219
0102829b
01028314
0102831a
01028399
01028415
01028499
01028514
000000e6
00800000
01028291
0102829a
01028316
0102831c
01028396
01028399
01028414
0102841f
000000f0
00800000
01028211
0102821d
01028291
0102829b
01028312
0102831a
01028414
0102841b
000000fa
00800000
01028291
0102829a
01028314
0102831a
01028392
01028399
01028414
0102841a
00000104
00800000
01028214
01028299
01028316
0102831c
01028399
01028414
01028419
01028494
0000010e
00800000
01028211
01028219
0102829b
01028316
0102831b
01028399
0102841c
01028514
00000119
00800000
01028314
01028399
01028414
0102841d
01028499
01028514
00000123
00800000
01028214
0102829a
0102830c
01028316
0102831a
01028392
01028399
01028414
01028419
0000012d
00800000
01028219
01028291
0102829b
01028317
01028399
01028416
0102841a
00000137
00800000
01028219
01028294
0102829b
01028314
01028399
010283a1
01028416
01028419
01028514
00000141
00800000
01028192
01028215
01028299
01028312
01028394
01028399
01028414
01028419
0000014b
00800000
01028192
01028215
01028312
01028394
01028399
01028414
0000014c
00800000
01028114
0102821d
0102829b
01028316
0102831e
01028396
0102839d
01028414
0102841f
01028499
01028514
00000156
00800000
01028211
0102829b
01028314
0102831a
01028394
01028399
01028414
0102841a
01028499
01028514
00000160
00800000
01028292
0102829b
01028312
01028399
01028414
0102841b
01028494
01028514
0000016a
00800000
01028199
01028219
01028292
0102829a
01028316
01028392
01028414
00000174
00800000
01028219
0102829a
01028314
0102831c
01028394
01028399
01028414
0102841a
01028494
0000017e
00800000
01028294
0102829a
01028314
0102831a
01028394
01028399
010283a1
01028414
01028419
01028492
00000188
00800000
01028294
0102829a
01028314
0102831a
01028394
01028399
010283a1
01028414
01028419
01028492
00000189
00800000
01028219
01028293
0102829b
01028314
01028392
01028414
0102841b
01028494
01028514
00000193
00800000
01028219
0102829a
01028312
01028392
01028399
01028419
0000019d
00800000
0102829a
0102831c
01028392
01028399
01028414
0102841c
000001a7
00800000
01028214
01028219
01028314
0102831e
01028399
01028414
0102841f
01028514
000001b1
00800000
01028219
01028299
01028314
0102831b
01028399
01028414
0102841a
01028494
01028514
000001bb
00800000
01028214
01028219
01028294
0102829b
0102831a
01028396
01028414
01028419
0102849a
000001c6
00800000
01028215
01028219
0102829b
01028314
0102839d
01028414
01028419
01028494
01028514
000001d0
00800000
01028214
01028316
01028392
01028399
01028414
01028491
01028514
000001da
00800000
01028296
0102829b
01028314
0102831a
01028399
01028414
0102841c
01028494
000001e4
00800000
01028211
01028219
01028291
01028312
01028394
01028399
0102841f
000001ee
00800000
01028219
0102829a
01028314
0102831e
01028396
01028399
01028414
0102841a
01028494
01028514
000001f8
00800000
01028219
01028294
01028299
01028316
01028392
01028399
01028414
0102841b
01028499
01028514
00000203
00800000
01028214
0102829a
01028316
0102831a
01028399
01028414
0102841b
01028494
01028499
0000020d
00800000
01028219
01028291
0102829a
01028312
01028399
01028414
01028419
01028492
00000217
00800000
01028314
0102831a
01028394
01028399
01028414
01028419
01028496
01028514
00000221
00800000
01028211
01028219
01028292
0102829a
01028312
01028396
01028399
01028419
01028514
0000022b
00800000
01028294
0102829a
01028314
0102831a
01028392
01028399
01028414
01028514
00000235
00800000
01028219
01028299
01028316
0102831a
01028399
01028414
01028419
00000240
00800000
01028192
01028215
01028299
01028316
01028414
0102841d
01028514
0000024a
00800000
01028211
01028219
01028299
01028314
0102831d
01028396
01028399
01028414
0102841f
0102849a
01028514
00000254
00800000
01028211
01028292
0102829b
01028314
0102831a
01028392
01028399
01028414
01028499
0000025e
00800000
01028211
01028219
0102829b
01028312
0102831b
01028396
01028399
0102841a
01028494
01028499
00000268
00800000
01028114
01028214
01028294
01028312
01028392
01028399
01028414
00000272
00800000
01028219
0102829b
01028312
01028392
01028399
01028414
0102841a
01028499
0000027d
00800000
01028219
0102829b
01028314
01028393
01028399
01028414
0102841b
01028499
01028514
00000287
00800000
01028299
01028316
0102831a
01028399
01028414
01028492
00000291
00800000
01028211
01028219
01028299
01028314
01028399
01028414
0102841b
01028514
0000029b
00800000
01028219
01028294
0102829b
01028316
0102831a
01028399
01028414
0102841e
01028494
000002a5
00800000
01028219
0102829a
01028316
01028392
01028399
01028414
01028419
01028499
000002af
00800000
01028219
01028399
01028414
01028419
000002b0
00800000
01028214
0102829b
01028316
0102831a
01028392
01028399
01028414
01028419
000002ba
00800000
01028211
0102829b
0102831a
01028399
0102841b
000002c4
00800000
01028114
0102829a
01028316
0102831a
01028396
01028399
01028414
0102841e
000002ce
00800000
01028219
0102829b
01028316
0102831a
01028392
01028399
01028414
0102841b
000002d8
00800000
0102829b
01028316
0102831a
01028396
01028414
01028492
01028514
000002e2
00800000
01028191
01028219
0102829a
01028399
01028414
0102841b
000002ec
00800000
01028191
0102819a
01028219
0102829a
01028399
01028414
0102841b
000002ed
00800000
0102829a
01028414
01028419
01028514
000002f7
00800000
01028114
01028199
01028211
01028219
0102829a
01028316
0102831a
01028392
01028399
01028414
0102841e
00000301
00800000
01028212
01028294
0102829a
01028314
01028392
01028399
01028414
01028419
01028492
0000030b
00800000
01028314
01028392
01028414
0102841a
01028514
00000315
00800000
0102829a
01028314
0102831a
01028392
01028399
01028414
0102841a
01028514
0000031f
00800000
01028214
01028295
01028299
01028316
01028394
01028399
01028414
01028419
01028492
0000032a
00800000
01028294
0102829b
01028312
0102831b
01028392
0102839c
01028414
01028419
01028499
00000334
00800000
01028219
0102829a
01028316
0102831a
01028392
01028399
01028414
0102841c
01028499
01028514
0000033e
00800000
01028219
01028314
0102831e
01028394
01028399
01028414
0102841f
00000348
00800000
01028219
01028294
01028314
0102831a
01028392
01028399
01028414
01028494
0102849a
00000352
00800000
01028212
0102829b
01028312
0102831a
01028394
01028399
01028414
0102841f
01028514
0000035c
00800000
01028219
01028294
0102829a
01028316
0102831e
01028392
0102839d
01028414
01028419
01028514
00000367
00800000
01028192
01028215
01028219
0102829b
01028316
01028396
01028414
0102841d
01028499
00000371
00800000
0102829b
0102831a
01028392
0102839d
01028414
0102841a
0000037b
00800000
01028219
01028292
0102829b
01028316
01028392
01028399
01028414
0102841a
00000385
00800000
01028219
0102829b
01028312
01028392
01028414
0102841a
01028494
0000038f
00800000
01028219
0102829b
01028312
0102831a
01028396
01028399
01028414
01028494
01028499
00000399
00800000
01028211
01028219
01028296
0102829a
01028312
0102831a
01028396
01028399
01028416
01028419
01028494
01028499
000003a4
00800000
01028214
01028219
01028294
0102829a
01028314
0102831a
01028392
01028399
01028414
0102841e
01028499
000003ae
00800000
0102829a
01028312
0102831a
01028396
01028414
01028494
000003b8
00800000
0102829b
01028316
01028394
01028399
01028414
0102841b
000003c2
00800000
01028219
0102829a
01028312
0102831c
01028394
01028399
01028414
01028419
01028514
000003cc
00800000
0102829b
01028316
01028396
01028399
01028419
01028492
01028499
01028514
000003d6
00800000
01028211
01028291
0102829a
01028314
0102831a
01028396
01028399
01028414
0102841a
000003e1
00800000
0102829a
01028314
0102831b
01028394
01028399
01028414
0102841c
01028494
01028499
01028514
000003eb
00800000
01028219
01028299
01028314
0102831a
01028399
01028414
0102841b
000003f5
00800000
01028292
0102829a
01028312
01028392
0102839d
01028414
0102841b
000003ff
00800000
01028219
01028316
0102831a
01028399
01028416
0102841a
01028514
00000409
00800000
01028211
01028219
0102829b
01028316
0102831a
01028392
01028399
01028414
01028419
01028514
00000413
00800000
01028211
01028219
0102829b
01028312
0102831a
01028392
01028399
01028414
01028419
00000414
00800000
01028211
01028219
01028292
0102829a
01028316
0102831e
01028392
01028399
01028414
01028494
01028514
0000041e
00800000
01028316
01028392
01028399
01028414
0102841b
01028494
01028514
00000428
00800000
01028211
01028219
01028294
0102829a
01028316
0102831c
01028392
01028399
01028414
0102841b
00000432
00800000
01028219
0102829b
01028392
01028399
01028416
01028499
0000043c
00800000
0102821c
01028294
0102829b
01028314
0102831a
01028399
01028414
0102841a
01028496
00000446
00800000
01028211
01028219
0102829b
01028317
01028396
01028399
01028414
0102841b
01028494
0102849a
01028514
00000450
00800000
01028211
01028219
0102829b
01028317
01028396
01028399
01028414
0102841b
01028494
0102849a
01028514
00000451
00800000
01028114
01028211
0102829a
01028316
0102831a
01028392
01028414
01028419
01028499
0000045b
00800000
01028219
0102829a
01028312
0102831a
01028399
01028414
0102841d
00000465
00800000
01028211
0102829a
01028396
01028399
01028414
0102841b
0000046f
00800000
01028114
0102829a
0102831a
01028392
01028399
01028414
0102841e
0102849a
00000479
00800000
01028219
01028299
01028314
01028499
00000483
00800000
01028114
01028214
01028219
01028292
0102829a
01028314
0102831e
01028394
01028399
01028414
0102841e
01028514
0000048e
00800000
01028214
01028291
0102829b
01028312
0102831b
01028392
0102839d
01028414
0102841b
01028496
01028499
01028514
01028614
00000498
00800000
01028295
0102829a
01028314
01028392
01028399
01028414
0102841a
0102849a
01028514
000004a2
00800000
01028219
0102829b
01028312
0102831a
01028394
01028399
01028414
0102841a
01028499
000004ac
00800000
01028192
01028214
01028219
0102829a
0102831a
01028396
01028399
01028414
0102841a
01028496
000004b6
00800000
01028215
01028292
0102829b
01028314
0102831a
01028399
01028414
01028419
01028514
000004c0
00800000
01028215
01028314
01028392
01028399
01028414
01028419
01028492
000004cb
00800000
01028214
0102829b
01028314
0102831f
01028399
01028414
0102841a
01028494
01028514
000004d5
00800000
01028214
01028219
01028299
01028316
0102831c
01028394
01028399
01028414
0102841a
01028514
000004df
00800000
01028219
01028292
01028312
0102831a
01028394
01028414
0102841e
000004e9
00800000
01028192
01028219
01028291
0102829b
01028316
01028392
01028399
01028414
01028499
000004f3
00800000
01028295
01028312
0102831b
01028392
01028399
01028414
0102841c
01028496
000004fd
00800000
01028219
0102829b
01028316
0102831a
01028394
01028399
01028414
0102841b
01028496
00000508
00800000
01028219
01028312
01028392
01028399
01028414
01028421
01028494
01028499
00000512
00800000
01028211
0102829b
01028316
0102831a
01028394
01028399
01028414
0102841a
01028514
0000051c
00800000
01028219
01028294
01028299
01028316
0102831a
01028392
01028399
01028414
0102841b
01028494
01028499
00000526
00800000
01028211
01028219
01028294
01028312
0102831a
01028394
01028414
0102841a
01028494
0102849a
01028514
00000530
00800000
01028194
01028219
01028292
01028299
0102831a
01028399
01028414
0102841b
01028499
01028514
0000053a
00800000
01028211
01028293
0102829a
01028314
01028392
01028399
01028414
0102841f
00000545
00800000
01028214
01028316
01028392
0102839d
01028414
01028419
01028499
01028514
0000054f
00800000
01028114
01028194
01028219
01028316
0102831b
01028392
01028399
01028414
0102841b
01028514
00000559
00800000
01028211
01028219
01028299
0102831a
01028396
01028399
01028414
0102841b
01028492
01028499
00000563
00800000
01028212
0102829a
01028314
0102831a
01028392
01028399
01028414
01028419
0000056d
00800000
01028192
01028219
01028299
01028312
0102831a
01028394
0102839d
01028414
01028514
00000577
00800000
01028414
00000578
00800000
01028114
01028294
0102829a
01028314
0102831a
01028392
01028399
01028414
0102841b
01028499
00000582
00800000
01028219
01028291
0102829c
01028316
01028396
01028399
01028416
0102849b
01028514
0000058c
00800000
0102829a
01028319
01028399
01028414
0102841a
01028499
01028514
00000596
00800000
01028215
0102829a
01028314
01028392
01028399
01028414
01028419
01028499
000005a0
00800000
01028114
01028219
01028294
0102829a
01028314
0102831a
01028392
01028399
01028414
0102841a
01028494
000005aa
00800000
0102829b
01028312
01028394
01028399
01028414
01028494
000005b4
00800000
0102829b
01028312
01028394
01028399
01028414
01028494
000005b5
00800000
01028219
0102829b
01028314
0102831e
01028396
01028399
01028414
0102841a
01028494
0102849a
000005bf
00800000
0102829b
01028312
0102839d
01028414
0102841b
01028514
000005c9
00800000
01028219
0102829b
01028316
0102831a
01028394
01028399
01028414
0102841b
01028514
000005d3
00800000
01028211
01028219
01028294
0102829a
01028316
01028394
01028399
01028414
0102841a
000005dd
00800000
0102829b
01028316
01028396
01028399
01028414
01028419
01028514
000005e7
00800000
01028399
01028419
000005f1
00800000
01028294
0102829a
01028316
0102831e
01028396
0102839f
01028414
01028419
0102849b
000005f2
00800000
01028211
01028294
0102829a
01028314
01028399
01028414
01028491
000005fc
00800000
0102829e
01028316
0102831f
01028392
01028399
01028414
0102841b
00000606
00800000
01028192
01028219
01028294
0102829b
01028316
01028399
01028414
01028499
00000610
00800000
01028219
01028295
01028312
0102831c
01028399
01028414
0102841a
01028494
0000061a
00800000
01028114
01028214
01028219
0102829a
0102831c
01028399
01028414
0102841a
01028494
0102849a
00000624
00800000
01028211
0102829a
01028316
0102831a
01028392
01028399
01028414
0102841d
01028514
0000062f
00800000
01028294
0102829b
0102831a
01028399
01028414
01028494
0102849a
00000639
00800000
01028219
01028292
0102829a
01028314
0102831c
01028414
0102841a
01028514
00000643
00800000
01028192
01028216
0102829b
01028314
0102831a
01028399
01028414
0102841a
0000064d
00800000
01028295
01028299
01028312
01028396
01028399
0102841b
00000657
00800000
01028219
01028294
0102829a
01028316
0102831a
01028392
01028399
01028414
0102841a
00000661
00800000
01028219
0102829b
01028312
0102831a
01028392
01028399
010283a1
01028414
0000066c
00800000
01028114
01028211
01028299
01028316
01028399
01028414
01028419
01028514
00000676
00800000
01028214
01028219
0102829a
0102839d
0102841c
0102849a
01028514
00000680
00800000
01028214
01028219
01028314
0102831e
01028392
01028399
01028414
0102841c
01028492
0102849a
0000068a
00800000
01028214
01028292
0102829b
01028316
0102831f
01028392
01028399
01028414
0102841b
01028494
01028499
00000694
00800000
01028219
01028295
01028299
01028314
0102831a
01028399
01028414
0102841b
0000069e
00800000
0102829b
01028314
01028396
01028399
0102841a
01028492
0102849a
01028514
000006a9
00800000
01028194
01028219
01028294
0102829b
0102831c
01028399
01028414
0102841e
01028514
000006b3
00800000
01028219
01028316
0102831a
01028392
01028399
01028414
0102841a
01028492
0102849a
000006bd
00800000
01028192
0102829a
01028312
0102831a
01028399
01028414
000006c7
00800000
0102829b
0102831a
01028392
01028399
01028416
0102841b
01028494
01028499
000006d1
00800000
01028214
01028219
01028294
0102829b
01028316
01028396
01028399
01028414
0102841b
01028492
01028499
000006db
00800000
01028219
01028294
0102829a
01028314
01028414
000006dc
00800000
0102829b
01028314
0102831e
01028394
01028415
0102841b
01028495
01028499
01028514
000006e6
00800000
01028214
01028219
01028299
01028394
01028414
0102841a
000006f0
00800000
01028219
01028294
0102829a
01028315
0102831a
01028392
01028399
01028414
0102841a
000006fa
00800000
01028214
01028219
01028294
0102829b
01028316
0102831a
01028394
01028399
01028414
0102841c
00000704
00800000
01028215
01028219
0102829b
01028316
0102831a
01028392
01028399
0102841e
01028499
0000070e
00800000
01028192
01028219
01028294
0102829b
0102831a
01028392
01028416
0102841d
01028492
01028499
00000718
00800000
01028192
01028219
01028294
0102829b
0102831a
01028392
01028416
0102841d
01028492
01028499
00000719
00800000
01028214
01028292
01028299
01028312
0102831e
01028392
01028399
01028414
0102841a
01028514
00000723
00800000
01028292
01028399
01028414
01028514
0000072d
00800000
01028211
0102821d
01028314
0102831a
01028392
01028399
01028414
0102841b
01028499
01028514
00000737
00800000
0102829a
01028316
0102831b
01028399
01028414
0102841a
00000741
00800000
01028214
01028219
0102829a
01028312
0102831a
01028394
01028399
01028414
0102841b
0102849a
01028514
0000074b
00800000
01028392
01028399
01028414
00000755
00800000
01028219
0102829b
01028316
01028392
01028399
01028414
01028419
00000756
00800000
0102819a
01028219
01028294
0102829a
01028314
0102831a
01028396
01028399
01028414
01028419
01028514
00000760
00800000
01028299
01028316
0102831c
01028392
01028399
01028414
0102841e
0000076a
00800000
01028299
01028314
0102831c
01028414
0102841c
01028494
00000774
00800000
01028299
01028315
0102831a
01028396
01028399
01028415
0102841a
01028514
0000077e
00800000
01028194
01028211
01028219
0102829b
01028394
01028416
0102841b
01028514
00000788
00800000
01028211
0102821d
0102829a
01028316
0102831e
01028392
01028399
01028414
0102841a
01028492
00000793
00800000
01028294
01028316
01028392
01028414
01028494
01028514
0000079d
00800000
0102829a
01028314
0102831b
01028392
01028399
01028414
000007a7
00800000
01028214
01028219
0102829b
01028316
01028394
01028399
01028414
0102841f
000007b1
00800000
01028211
0102829a
01028314
0102831a
01028399
01028414
0102841c
000007bb
00800000
0102819a
01028214
01028219
0102829a
01028312
0102831e
01028394
01028399
01028414
0102841b
01028494
000007c5
00800000
01028299
01028314
0102831b
01028392
01028399
01028414
0102841e
01028499
000007d0
00800000
0102829f
01028314
01028399
01028414
0102841d
0102849a
000007da
00800000
0102829b
01028314
0102831a
01028392
01028399
01028414
0102841b
000007e4
00800000
01028219
0102829a
01028316
0102831a
01028399
01028414
0102841c
01028499
01028514
000007ee
00800000
01028215
01028294
01028299
01028314
0102831a
01028399
01028414
0102841c
01028514
000007f8
00800000
01028192
01028214
0102829a
01028312
01028319
01028392
01028399
01028414
01028494
01028514
00000802
00800000
01028114
01028219
01028294
0102829b
01028316
0102831a
01028399
01028414
0000080d
00800000
01028219
01028294
0102829a
01028314
0102831f
01028399
01028414
01028419
01028514
00000817
00800000
01028219
0102829b
0102831c
01028392
0102839d
01028414
0102841a
01028494
00000821
00800000
01028214
01028314
0102831a
01028399
01028414
01028499
0000082b
00800000
01028214
01028219
01028294
0102829a
0102831a
01028394
01028416
0102841a
01028499
01028514
00000835
00800000
01028114
01028215
01028219
01028292
0102829b
01028316
01028514
0000083f
00800000
0102829a
01028314
00000840
00800000
01028211
01028219
01028291
0102829a
01028316
0102831a
01028396
01028399
01028414
0102841a
01028494
01028499
01028514
0000084a
00800000
01028214
01028294
0102829a
01028314
0102831a
01028394
01028399
01028414
01028419
00000854
00800000
01028219
0102831a
01028394
01028399
01028414
0102841b
01028494
0102849a
0000085e
00800000
01028292
0102829a
0102831a
01028394
01028399
01028414
00000868
00800000
01028292
0102829a
01028312
0102831e
01028394
01028399
01028416
0102841a
01028514
00000872
00800000
0102819a
01028219
01028295
01028299
0102831e
01028392
01028399
01028414
0102841b
01028514
0000087c
00800000
0102819a
01028219
01028295
01028299
0102831e
01028392
01028399
01028414
0102841b
01028514
0000087d
00800000
0102829a
01028394
01028399
01028414
0102841b
01028499
01028514
00000887
00800000
01028114
01028219
01028294
01028299
01028316
01028396
01028399
01028414
0102841a
0102849a
00000891
00800000
01028114
01028219
01028294
0102829b
01028314
0102831a
01028396
01028399
01028416
0102841f
01028492
0000089b
00800000
01028114
01028192
01028211
01028219
01028295
01028299
01028312
01028396
01028399
01028414
01028419
000008a5
00800000
01028211
01028296
0102829b
01028316
0102831a
01028392
0102839d
01028414
01028514
000008af
00800000
01028399
01028414
01028494
01028514
000008b9
00800000
01028192
01028214
01028294
0102829b
01028312
01028392
01028399
01028414
0102841d
01028494
01028499
01028514
000008ba
00800000
01028211
01028219
01028314
0102831a
01028399
01028414
0102841b
01028494
0102849a
01028514
000008c4
00800000
01028211
01028292
0102829b
01028312
0102831a
01028399
01028414
0102841a
000008ce
00800000
01028211
01028219
01028291
01028299
01028316
0102831f
01028399
01028414
0102849a
01028514
000008d8
00800000
01028219
01028314
01028394
01028399
01028414
0102841b
01028494
01028514
000008e2
00800000
01028211
01028219
01028294
01028299
01028314
01028392
01028399
010283a1
01028414
0102841b
01028494
01028514
000008ec
00800000
01028219
0102829b
01028316
01028319
01028392
01028399
01028414
0102841e
0102849b
000008f7
00800000
01028211
01028299
01028392
01028399
01028414
01028492
00000901
00800000
01028211
01028219
01028292
0102829b
01028316
0102831e
01028392
01028399
01028414
0102841a
01028499
01028514
0000090b
00800000
01028214
01028219
01028294
0102829b
01028399
01028414
0102841b
00000915
00800000
01028211
01028219
01028316
01028396
01028399
01028414
0102841b
0000091f
00800000
01028219
0102829a
0102831a
01028392
01028399
01028494
01028499
00000929
00800000
01028215
01028294
0102829a
01028314
0102831a
01028392
01028399
01028414
0102841f
01028491
01028499
00000934
00800000
01028211
01028219
01028299
0102831c
01028399
01028414
0000093e
00800000
01028211
01028292
0102829a
01028314
0102831a
01028396
01028399
01028414
01028419
01028492
00000948
00800000
01028214
01028219
0102829a
01028312
01028392
01028399
01028414
0102841a
00000952
00800000
01028219
01028294
0102829a
01028316
01028394
01028399
01028414
01028419
01028496
0000095c
00800000
01028214
01028317
0102831c
01028396
01028399
01028414
01028496
01028514
00000966
00800000
01028214
01028292
0102829a
01028316
0102831b
01028399
01028414
0102841a
00000971
00800000
01028292
0102829a
01028316
01028396
01028399
01028414
0102841a
0000097b
00800000
01028214
01028219
01028314
0102831c
01028399
01028414
0102849a
01028514
00000985
00800000
01028299
01028314
0102831a
01028392
01028399
01028416
0102841b
01028499
0000098f
00800000
01028299
0102831a
01028399
01028414
01028419
00000999
00800000
01028211
0102829a
01028312
0102831a
01028399
01028414
0102841a
01028514
000009a3
00800000
0102831a
000009a4
00800000
01028219
0102829a
01028314
01028396
01028399
01028414
0102841b
01028499
000009ae
00800000
01028219
0102829a
01028314
0102831c
01028392
01028414
01028499
000009b8
00800000
01028219
01028299
01028314
0102831a
01028394
01028399
01028414
0102841f
01028514
000009c2
00800000
01028214
01028219
0102829b
01028314
01028396
01028399
01028414
01028514
000009cc
00800000
0102829a
0102831a
01028399
01028416
01028499
000009d6
00800000
01028214
01028219
0102829e
01028316
0102831a
01028394
01028399
01028414
0102841b
01028494
000009e0
00800000
01028214
01028219
0102829e
01028312
0102831a
01028399
01028414
0102841b
01028494
000009e1
00800000
01028214
01028219
01028294
0102829b
01028314
0102831a
01028392
01028399
0102841c
01028514
000009eb
00800000
01028219
01028294
0102829a
01028316
01028399
01028414
01028494
000009f5
00800000
01028211
0102829b
01028392
01028399
01028414
01028419
0102848c
000009ff
00800000
01028294
0102829b
01028316
01028396
01028399
01028414
00000a09
00800000
01028214
0102829a
01028312
01028396
01028399
01028414
0102841b
01028494
01028514
00000a13
00800000
0102829a
0102831a
01028414
01028492
01028499
01028514
00000a1d
00800000
01028211
01028294
0102829b
01028312
0102831a
01028396
01028399
01028414
01028496
01028499
01028514
00000a1e
00800000
01028219
01028294
0102829a
01028316
0102831a
01028399
01028414
0102841b
00000a28
00800000
01028299
01028314
0102831a
01028399
01028414
01028419
00000a32
00800000
0102811a
01028194
01028211
0102829a
01028316
01028414
0102841a
00000a3c
00800000
01028211
0102829a
01028316
01028396
0102839c
01028414
0102841d
00000a46
00800000
01028215
01028219
01028292
0102829b
01028312
0102831a
01028399
0102841c
01028499
01028514
00000a50
00800000
01028294
0102829b
01028316
0102831a
01028392
01028399
01028414
01028514
00000a5b
00800000
01028211
01028219
01028294
0102829f
01028314
01028394
01028399
01028414
0102841a
01028499
00000a65
00800000
01028192
01028219
01028294
0102829a
01028316
01028396
01028414
01028492
00000a6f
00800000
01028219
0102829b
01028396
01028399
01028414
0102841f
00000a79
00800000
01028211
01028219
01028292
0102829b
01028312
01028319
01028392
01028414
00000a83
00800000
01028314
0102831a
01028392
01028399
01028414
0102841b
01028499
00000a8d
00800000
01028192
01028211
01028294
0102829b
01028316
01028399
01028414
01028419
00000a98
00800000
01028299
0102831e
01028399
01028414
0102841d
01028499
01028514
00000aa2
00800000
01028299
01028316
0102831c
01028394
01028399
01028414
0102841b
0102849b
01028514
00000aac
00800000
01028299
01028314
0102831a
01028394
01028399
01028414
0102841e
01028494
01028499
00000ab6
00800000
01028219
01028292
0102829b
01028316
0102831e
01028399
01028414
00000ac0
00800000
0102829b
01028316
01028392
01028399
01028414
0102841b
00000aca
00800000
01028291
01028316
0102831a
01028392
0102839b
01028414
00000ad5
00800000
01028316
0102831e
01028399
01028414
0102841a
01028514
00000adf
00800000
01028214
0102829a
01028314
0102831a
01028414
01028419
01028494
00000ae9
00800000
01028294
0102829a
01028311
0102831a
01028396
01028399
01028414
0102841b
0102849a
01028514
00000af3
00800000
01028219
01028294
0102829a
01028314
01028392
01028399
01028414
0102841a
00000afd
00800000
01028215
01028312
01028392
01028399
01028414
0102841b
00000b07
00800000
01028212
0102829b
0102831a
01028396
01028414
01028492
01028499
01028514
00000b12
00800000
01028219
01028314
01028399
01028414
0102841a
01028514
00000b1c
00800000
01028214
01028291
01028316
0102831a
01028396
01028399
01028414
0102841a
01028499
00000b26
00800000
01028219
0102829b
01028314
01028394
01028399
01028414
0102841a
01028494
01028499
01028514
00000b30
00800000
01028211
01028296
01028299
01028314
0102831a
01028396
01028399
01028414
0102841b
01028494
0102849a
00000b3a
00800000
01028219
0102829b
01028316
0102831a
01028392
0102839d
01028414
0102841a
01028494
0102849a
01028514
00000b44
00800000
01028219
0102829b
01028316
0102831a
01028392
01028399
01028414
0102841a
01028494
0102849a
01028514
00000b45
00800000
01028211
01028219
01028312
01028392
01028399
01028414
0102841b
01028494
01028499
00000b4f
00800000
01028114
01028219
01028294
01028316
0102831e
01028396
01028399
01028414
01028419
01028499
00000b59
00800000
01028294
01028316
01028319
01028394
01028399
01028414
01028514
00000b63
00800000
01028294
01028312
0102831a
01028392
01028414
00000b6d
00800000
01028211
01028219
01028314
01028392
01028399
01028414
0102841a
00000b77
00800000
0102831a
01028399
01028414
01028419
00000b81
00800000
01028114
01028219
0102829b
01028316
0102831e
01028392
01028399
01028414
0102841b
0102849a
00000b82
00800000
01028215
01028312
0102831a
01028399
01028414
0102841b
00000b8c
00800000
01028299
01028316
01028394
0102839d
01028414
01028494
0102849a
01028514
00000b96
00800000
01028219
01028293
01028299
01028314
01028394
01028399
01028414
0102841a
01028514
00000ba0
00800000
01028219
01028295
0102829b
01028316
0102831a
0102841a
01028514
00000baa
00800000
01028214
0102831a
0102839d
01028414
01028419
00000bb4
00800000
01028219
01028299
01028312
0102831a
01028392
01028399
01028414
01028419
01028514
00000bbf
00800000
01028211
01028219
01028296
0102829a
0102831a
01028392
01028399
01028414
01028496
0102849a
00000bc9
00800000
01028219
01028294
0102829b
01028316
01028392
01028414
0102841a
01028494
01028499
01028514
00000bd3
00800000
01028294
0102829b
01028316
0102831e
01028396
01028399
01028414
0102841a
01028514
00000bdd
00800000
01028219
0102829a
01028396
01028414
01028491
0102849c
00000be7
00800000
01028214
01028219
0102829a
01028316
0102831a
01028394
01028399
01028414
01028419
01028492
01028499
01028514
00000bf1
00800000
01028219
01028294
0102829b
01028312
0102831b
01028399
01028414
0102841e
01028494
01028514
00000bfc
00800000
01028212
01028292
01028299
01028316
01028394
01028399
01028414
01028419
01028514
00000c06
00800000
0102819b
01028214
01028219
01028291
0102829b
01028314
0102831a
01028392
01028399
01028414
0102841a
00000c10
00800000
01028214
01028219
01028291
01028316
0102831a
01028394
01028399
01028416
01028419
01028499
01028514
00000c1a
00800000
0102829b
01028314
0102831a
01028394
01028414
01028419
01028494
01028499
01028514
00000c24
00800000
01028215
0102829b
01028314
0102831a
01028392
01028399
01028414
0102841b
01028499
01028514
00000c2e
00800000
01028211
01028294
01028299
01028312
01028392
01028399
01028414
0102841a
01028514
00000c39
00800000
01028199
01028293
0102829b
01028316
01028394
01028399
01028414
01028499
00000c43
00800000
01028194
01028214
01028219
01028294
0102829a
01028316
01028396
01028399
01028414
01028419
01028494
01028499
00000c4d
00800000
01028214
01028297
0102829b
01028314
0102831a
01028414
0102841d
01028514
00000c57
00800000
01028214
01028296
0102829a
01028312
0102831a
01028394
01028399
01028414
0102841e
01028496
0102849a
00000c61
00800000
01028219
01028292
0102829a
01028314
01028399
0102841a
00000c6b
00800000
01028299
01028314
01028392
01028399
01028414
0102841a
00000c76
00800000
01028214
01028219
01028294
0102829a
01028312
01028392
0102839d
01028414
0102841f
00000c80
00800000
01028214
01028294
0102829a
01028313
01028392
0102839d
01028414
01028419
00000c8a
00800000
01028211
01028219
0102829d
01028314
01028392
01028399
01028414
0102841b
01028492
00000c94
00800000
01028214
01028294
01028314
0102831a
01028396
01028399
01028414
0102841b
0102849b
00000c9e
00800000
01028192
01028294
0102829a
01028316
01028399
01028414
00000ca8
00800000
01028192
01028294
01028316
01028399
01028414
00000ca9
00800000
01028214
01028297
0102829a
01028316
0102831e
01028394
01028399
01028414
01028419
00000cb3
00800000
01028214
01028219
0102829b
01028314
0102831a
01028396
0102839b
01028414
0102841b
01028499
00000cbd
00800000
01028114
01028219
01028299
01028316
01028392
01028399
01028414
0102841b
01028494
00000cc7
00800000
0102819a
01028296
0102829b
01028316
0102831a
01028399
01028414
01028494
01028514
00000cd1
00800000
01028212
0102829a
01028312
01028414
01028419
01028494
01028514
00000cdb
00800000
01028394
01028399
01028414
01028419
00000ce5
00800000
0102829f
01028312
01028394
01028399
01028414
0102841d
01028499
00000ce6
00800000
01028194
01028214
01028316
0102831a
01028392
01028399
01028414
0102841a
01028514
00000cf0
00800000
01028211
01028219
01028299
01028316
0102831a
01028399
01028414
01028419
00000cfa
00800000
01028214
01028292
0102829b
01028312
0102831b
01028399
01028414
0102841e
01028499
00000d04
00800000
01028294
0102829a
0102831a
01028399
01028414
0102841f
01028499
01028514
00000d0e
00800000
0102829a
0102831a
01028392
01028399
01028414
0102841b
01028494
00000d18
00800000
01028215
01028296
0102829d
01028316
01028394
01028399
01028414
00000d23
00800000
0102829a
0102831a
01028399
01028414
0102841b
01028492
01028499
00000d2d
00800000
01028212
01028219
01028316
0102831a
01028392
01028399
01028414
00000d37
00800000
01028114
01028293
0102829b
01028316
01028392
01028399
01028414
0102841b
01028499
00000d41
00800000
01028291
0102829a
01028316
01028399
01028414
0102841a
01028514
00000d4b
00800000
01028192
01028199
01028211
0102829b
01028312
01028399
01028414
0102841a
00000d55
00800000
01028219
0102829a
01028314
0102831a
01028394
01028399
01028414
01028494
01028499
01028514
00000d60
00800000
01028294
01028314
0102831c
01028396
01028399
01028414
01028419
01028514
00000d6a
00800000
01028219
0102829a
01028316
0102831e
01028392
01028399
01028414
0102841b
01028514
00000d74
00800000
01028114
01028214
01028219
01028294
0102829a
01028314
0102831e
01028399
01028419
0102849a
00000d7e
00800000
01028214
01028219
01028294
01028299
01028316
0102831a
01028396
01028399
01028414
0102841b
00000d88
00800000
01028292
0102829a
01028316
0102831a
01028394
01028399
01028414
0102841a
00000d92
00800000
01028211
01028219
01028292
0102829a
01028312
01028399
01028414
01028419
0102849a
01028514
00000d9d
00800000
01028215
01028219
01028299
01028316
0102831e
01028392
01028399
01028414
01028514
00000da7
00800000
01028219
01028294
0102829a
01028312
01028392
01028399
01028414
0102849a
00000db1
00800000
01028194
01028215
0102829b
01028316
01028399
01028414
0102841d
00000dbb
00800000
01028211
01028219
0102829b
01028312
0102831b
01028399
010283a1
01028414
0102841b
00000dc5
00800000
0102829a
01028316
0102831c
01028396
0102839d
01028414
0102841b
01028494
0102849a
00000dcf
00800000
01028414
00000dd0
00800000
01028296
0102829a
01028316
0102831a
01028391
01028399
01028414
0102841a
0102849b
00000dda
00800000
01028192
01028211
01028292
0102829a
01028399
01028414
01028419
0102849a
00000de4
00800000
01028114
01028192
01028293
0102829b
01028316
0102831a
01028396
01028399
01028414
0102841a
01028499
00000dee
00800000
01028292
0102829a
0102831c
01028399
01028414
0102841b
00000df8
00800000
01028114
01028211
01028219
0102829b
01028314
0102831b
01028399
01028416
0102841f
0102849a
0102851a
00000e02
00800000
0102829a
01028314
0102831c
01028394
01028399
01028414
0102841c
01028494
01028499
01028514
00000e0c
00800000
0102829a
01028314
01028399
01028414
0102841c
01028494
01028499
01028514
00000e0d
00800000
01028215
01028219
01028291
01028316
01028391
01028399
01028414
01028499
01028514
00000e17
00800000
01028219
01028291
01028316
0102831a
01028394
01028399
01028414
0102841b
00000e21
00800000
01028219
01028294
0102829b
01028312
0102831a
01028399
01028414
01028419
01028494
00000e2b
00800000
01028214
01028294
0102829a
01028312
0102831a
01028392
01028414
01028419
01028514
00000e35
00800000
01028299
01028312
01028392
01028399
01028414
0102841c
01028494
01028499
01028514
00000e3f
00800000
01028214
01028219
01028292
01028392
01028399
01028414
01028514
00000e49
00800000
01028114
01028215
01028219
01028293
0102829a
01028314
01028392
01028399
01028414
0102841a
01028514
00000e4a
00800000
01028219
0102829b
01028312
01028394
01028399
01028414
01028496
01028514
00000e54
00800000
01028219
0102829b
01028312
0102831a
01028396
01028399
01028414
0102841b
01028496
00000e5e
00800000
01028211
01028219
0102829b
01028316
0102831a
01028396
01028399
01028414
0102841d
0102849b
00000e68
00800000
01028119
01028219
01028292
0102829a
01028314
0102831a
01028396
01028414
0102841a
00000e72
00800000
0102829a
01028316
0102831a
01028394
01028399
01028414
0102841c
00000e7c
00800000
01028214
01028293
0102829d
01028312
0102831a
01028394
01028399
01028414
0102841b
00000e87
00800000
01028194
01028214
01028219
0102829b
01028314
01028392
01028399
01028414
01028419
01028492
01028514
00000e91
00800000
01028215
0102829a
01028316
0102831c
01028396
01028399
01028414
0102841d
00000e9b
00800000
01028192
01028219
0102829b
01028314
01028399
01028414
01028419
0102849a
01028514
00000ea5
00800000
01028214
01028219
01028394
01028414
01028419
01028494
01028499
00000eaf
00800000
01028214
0102829a
01028316
01028399
0102841a
0102849b
00000eb9
00800000
01028219
01028294
0102829e
01028312
0102831f
01028396
0102839d
01028414
0102841b
01028494
01028499
00000ec4
00800000
0102829a
01028314
0102831a
01028394
01028414
0102841a
0102849a
01028514
00000ece
00800000
01028219
0102829a
01028316
0102831c
01028396
01028399
01028414
01028494
01028514
00000ed8
00800000
01028192
01028219
0102829a
01028314
0102831b
01028399
01028414
0102841a
01028494
0102849a
00000ee2
00800000
01028219
01028299
01028316
0102831a
01028399
01028414
0102841a
00000eec
00800000
0102829b
01028314
01028392
01028414
00000ef6
00800000
01028211
01028219
01028316
01028396
01028399
01028414
01028499
00000f01
00800000
01028114
01028211
01028219
01028316
0102831e
01028392
01028399
01028414
0102841e
0102849b
00000f0b
00800000
01028211
0102829a
01028312
0102831e
01028396
01028399
0102841b
00000f15
00800000
01028214
01028316
0102831e
01028392
01028399
01028414
01028419
01028494
00000f1f
00800000
0102829a
0102831a
01028394
01028399
01028414
0102841c
01028494
00000f29
00800000
01028219
01028294
0102829a
01028316
0102831c
01028396
0102839d
01028414
01028419
01028494
01028514
00000f33
00800000
01028294
01028299
01028312
0102831a
01028399
01028414
01028419
01028494
01028499
01028514
00000f3e
00800000
01028211
01028219
01028299
01028399
01028416
0102841b
01028514
00000f48
00800000
01028211
01028219
01028294
01028299
01028316
0102831b
01028392
01028399
01028414
01028494
01028499
01028514
00000f52
00800000
0102829a
01028316
0102831a
01028399
01028414
0102841a
01028494
00000f5c
00800000
01028219
01028292
01028299
01028317
0102831a
01028392
01028399
01028414
0102841f
01028499
01028514
00000f66
00800000
01028214
01028292
0102829b
0102831a
01028394
01028399
01028414
01028419
00000f70
00800000
01028214
01028292
0102829b
0102831a
01028394
01028399
01028414
00000f71
00800000
0102811a
01028294
0102829a
01028314
01028396
01028399
01028414
0102841b
01028492
01028514
00000f7b
00800000
01028219
0102829b
01028316
0102831a
01028392
01028399
01028414
0102841b
01028494
00000f85
00800000
0102829b
01028312
01028392
01028399
01028414
01028419
0102849a
00000f8f
00800000
01028114
01028219
0102829b
01028316
01028319
01028394
01028399
01028414
0102841a
00000f99
00800000
01028199
01028211
01028291
01028314
0102831b
01028399
01028414
01028419
01028499
00000fa3
00800000
01028219
0102829a
01028396
01028399
01028414
01028499
01028514
00000fad
00800000
01028192
01028219
0102829a
01028396
01028399
01028414
01028499
01028514
00000fae
00800000
01028219
0102829b
01028316
0102831e
01028399
01028414
01028419
01028494
01028499
00000fb8
00800000
01028294
01028316
01028394
01028399
01028414
0102841a
01028491
01028514
00000fc2
00800000
01028214
01028219
01028294
0102829f
0102831a
01028392
01028399
01028414
0102841a
01028494
0102849a
00000fcc
00800000
01028219
0102829a
0102831a
01028399
01028414
0102841e
01028494
00000fd6
00800000
01028214
01028219
01028299
0102831a
01028392
01028414
0102841b
01028514
00000fe0
00800000
01028114
01028211
01028299
01028316
01028319
01028396
01028399
01028414
0102841b
01028499
01028514
00000feb
00800000
01028296
01028299
01028316
01028396
01028399
01028414
0102841a
01028494
00000ff5
00800000
01028219
01028312
0102831a
0102841c
01028492
0102849b
01028514
00000fff
00800000
01028219
01028299
01028312
0102831a
01028392
01028399
01028414
0102841a
01028514
00001009
00800000
01028214
01028312
01028392
01028399
01028416
0102841a
01028514
00001013
00800000
01028214
01028219
01028291
0102829a
01028314
01028392
01028399
01028414
01028419
0102849a
0000101d
00800000
01028292
0102829a
01028316
0102831a
01028392
0102839d
01028414
0102841d
00001028
00800000
01028219
01028312
01028396
0102839d
01028414
0102841b
00001032
00800000
01028194
01028219
01028299
01028315
0102831a
01028392
01028399
01028414
01028492
0000103c
00800000
01028219
0102829b
01028316
0102831a
01028392
01028414
0102841a
01028499
01028514
00001046
00800000
01028214
01028219
0102829a
01028314
0102831a
01028414
0102841d
00001050
00800000
0102819a
01028219
01028294
0102829b
01028316
0102831b
01028394
01028399
01028414
0000105a
00800000
01028211
0102829b
01028396
01028399
01028414
0102841c
01028499
00001065
00800000
01028219
01028299
0102831a
01028392
01028414
0000106f
00800000
01028219
01028294
0102829c
01028314
01028392
01028399
01028414
0102841b
01028514
00001079
00800000
01028219
01028292
0102829a
0102831a
01028414
0102841b
01028499
00001083
00800000
01028192
01028219
0102829b
01028314
01028392
01028399
01028414
0000108d
00800000
01028215
01028294
01028314
0102831c
01028392
01028414
01028419
00001097
00800000
01028294
0102829a
01028316
01028394
0102839d
01028414
0102841b
01028421
000010a2
00800000
01028212
01028219
0102829a
01028316
01028319
01028392
01028414
01028419
000010ac
00800000
01028219
01028294
0102829b
01028314
0102831a
01028392
01028416
0102841b
000010b6
00800000
01028211
01028219
0102829a
01028316
01028319
01028396
01028399
01028414
01028419
01028514
000010c0
00800000
01028219
01028291
01028299
01028314
01028396
01028399
01028414
000010ca
00800000
01028211
01028219
0102829b
01028314
0102831e
01028392
01028399
01028414
0102849a
000010d4
00800000
01028211
01028219
0102829a
01028314
0102831e
01028392
01028399
01028414
0102849a
000010d5
00800000
01028194
01028211
01028219
01028314
01028396
01028399
01028414
0102841a
01028514
000010df
00800000
01028292
01028314
0102831a
01028392
01028399
01028414
0102841e
01028494
000010e9
00800000
01028214
0102829a
01028314
0102831a
01028392
01028399
01028414
0102841a
01028494
000010f3
00800000
01028211
0102829b
0102831a
01028399
01028414
01028419
000010fd
00800000
01028219
0102829a
01028314
01028396
01028399
01028414
0102841a
01028492
01028499
00001107
00800000
01028294
0102829b
0102831a
01028399
01028414
01028419
01028499
01028514
00001111
00800000
01028294
0102829b
01028314
0102831a
01028399
01028414
01028419
0102849b
01028514
00001112
00800000
01028192
01028211
0102829a
01028316
0102831c
01028392
01028399
01028414
0102841a
01028499
0000111c
00800000
01028219
01028291
0102829a
01028312
0102831c
01028414
00001126
00800000
01028219
0102829b
01028314
0102831a
01028399
01028414
0102841b
01028492
00001130
00800000
01028214
01028219
0102829a
01028312
0102831c
01028399
01028414
0102841a
01028496
0000113a
00800000
0102829b
01028314
0102831a
01028399
01028414
0102841f
01028494
00001144
00800000
01028211
0102829b
01028316
0102831a
01028396
0102839d
01028414
0102841c
01028494
0102849a
01028514
0000114f
00800000
01028114
01028214
01028219
01028294
0102829a
01028314
0102831e
01028399
01028416
0102841b
00001159
00800000
01028219
01028296
0102829b
01028316
0102831a
01028394
01028414
0102841f
01028494
01028514
00001163
00800000
01028114
0102829b
01028312
01028396
01028399
01028419
01028494
01028499
0000116d
00800000
01028219
01028292
0102829a
01028312
0102831a
01028392
01028399
01028414
01028419
01028494
01028499
01028514
00001177
00800000
01028215
01028219
0102829f
01028316
0102831a
01028394
01028399
01028414
0102841f
00001181
00800000
01028211
01028219
0102829b
01028312
0102831a
01028396
01028414
01028514
0000118c
00800000
01028314
00001196
00800000
0102819a
01028214
01028219
0102829b
0102831a
01028392
01028414
0102841c
0102849a
000011a0
00800000
0102819a
01028312
0102831a
01028399
0102841a
01028496
000011aa
00800000
01028214
01028219
0102829a
01028316
0102831a
01028392
01028399
01028414
0102841b
000011b4
00800000
01028211
0102829b
01028312
0102831c
01028394
01028399
01028414
01028494
01028594
000011be
00800000
01028219
01028299
01028314
0102831a
01028394
01028399
01028414
0102841a
01028494
01028499
01028514
000011c9
00800000
0102821d
01028291
01028316
0102831c
01028396
01028399
01028414
0102841a
01028499
01028514
000011d3
00800000
01028219
01028299
01028314
01028392
01028399
0102841a
01028499
000011dd
00800000
01028211
01028219
0102829b
01028316
0102831e
01028394
01028399
01028414
0102841a
01028494
01028514
000011e7
00800000
01028219
01028291
0102829b
01028314
01028319
01028394
01028399
01028414
01028419
01028499
000011f1
00800000
01028114
01028199
01028214
01028219
01028291
0102829b
01028314
0102831a
01028399
01028414
0102841a
01028493
000011fb
00800000
0102829a
01028311
01028392
01028399
01028414
01028419
01028514
00001206
00800000
01028192
01028214
0102829a
01028312
01028399
01028414
0102841a
01028514
00001210
00800000
01028214
01028219
01028294
0102829b
01028312
01028399
01028414
01028419
01028494
01028514
0000121a
00800000
01028211
01028219
0102829f
01028316
0102831a
01028392
01028399
01028414
0102841b
01028514
00001224
00800000
01028214
01028219
01028292
0102829b
01028316
0102831e
01028416
0102841a
01028492
01028514
0000122e
00800000
01028114
01028192
01028219
0102829a
01028314
01028392
01028414
01028419
01028499
01028514
00001238
00800000
01028114
01028192
01028219
01028314
01028392
01028414
01028419
00001239
00800000
01028114
01028215
01028291
01028299
0102831a
01028397
01028399
01028414
0102841b
01028514
00001243
00800000
01028215
01028219
01028299
01028316
0102831a
01028396
01028399
01028414
01028419
01028494
01028514
0000124d
00800000
01028316
01028399
01028414
0102849a
00001257
00800000
01028214
0102829a
01028316
0102831a
01028392
01028399
010283a1
01028414
0102841d
01028514
00001261
00800000
01028211
01028294
0102829b
01028316
0102831a
01028396
01028399
01028414
0102841a
01028514
0000126b
00800000
0102829b
0102831a
01028399
01028414
01028494
0102849a
00001275
00800000
01028114
0102829b
0102831a
01028399
01028414
01028419
01028494
0102849a
00001276
00800000
01028214
01028219
01028294
0102829a
01028314
01028319
01028399
0102841a
01028514
00001280
00800000
01028219
0102829a
01028312
0102831a
01028399
01028414
01028494
01028499
01028514
0000128a
00800000
01028214
01028219
01028316
0102831e
0102839d
01028414
0102841f
01028494
0102849a
00001294
00800000
01028214
01028292
01028314
0102831a
01028394
01028399
01028414
0102841a
0000129e
00800000
01028211
01028294
0102829b
01028314
01028399
01028414
000012a8
00800000
01028219
0102829b
01028314
01028392
01028399
01028414
01028499
000012b3
00800000
0102819a
01028219
0102829a
01028314
0102831c
01028394
01028399
01028414
0102841b
01028494
01028514
000012bd
00800000
01028219
01028296
01028299
01028316
01028394
01028399
01028414
01028419
01028499
01028514
000012c7
00800000
01028219
01028312
0102831a
01028399
01028416
01028494
000012d1
00800000
01028211
01028294
01028399
01028414
0102841a
01028514
000012db
00800000
01028314
0102831b
01028399
01028414
01028494
000012e5
00800000
01028219
01028294
0102829b
01028316
01028392
01028399
010283a1
01028414
0102841b
01028496
01028514
000012f0
00800000
01028219
01028294
01028299
01028316
01028414
01028419
01028514
000012fa
00800000
01028214
01028219
01028294
0102829a
01028316
0102831a
01028396
01028399
010283a1
01028414
0102841b
01028499
00001304
00800000
0102829b
01028314
01028399
01028414
0102841b
01028514
0000130e
00800000
01028192
01028219
01028294
0102829b
01028312
0102831a
01028394
01028414
01028419
01028514
00001318
00800000
01028219
0102829a
01028316
0102831a
01028399
01028414
01028514
00001322
00800000
01028292
01028299
01028312
0102831c
01028396
0102839c
01028414
0102841a
01028494
01028499
0000132d
00800000
01028215
01028219
01028294
0102829a
01028316
0102831a
01028399
01028414
01028419
01028493
00001337
00800000
01028219
01028294
0102829a
01028314
0102831a
01028396
01028399
01028414
01028494
00001341
00800000
01028214
01028312
0102839b
01028414
01028514
0000134b
00800000
01028199
01028214
0102829a
01028312
01028392
01028399
01028414
0102841a
00001355
00800000
01028211
0102821d
0102829b
01028316
0102831c
01028414
0102841d
01028421
01028499
0000135f
00800000
01028219
0102829b
01028314
0102831a
01028392
01028399
01028414
01028419
01028514
0000136a
00800000
01028211
01028219
0102829b
0102831e
01028399
01028414
0102841d
00001374
00800000
01028214
01028219
0102829a
01028312
0102831a
01028392
01028399
01028414
0102841d
0000137e
00800000
01028219
01028294
0102829b
01028316
0102831a
01028392
01028496
00001388
00800000
0102829a
01028314
0102831e
01028396
01028399
01028414
0102841a
01028514
00001392
00800000
01028211
0102829b
0102831a
01028392
01028414
0102841f
0000139c
00800000
01028211
0102829b
0102831a
01028392
01028414
0102841a
0000139d
00800000
01028294
01028299
01028316
0102831a
01028396
01028399
01028414
01028419
01028492
01028514
000013a7
00800000
01028219
01028312
0102831a
01028392
01028514
000013b1
00800000
01028211
01028219
01028294
01028316
01028319
01028396
01028399
01028414
0102841a
01028496
01028514
000013bb
00800000
01028219
01028292
0102829b
01028314
01028396
01028399
01028414
0102841a
01028494
01028499
01028514
000013c5
00800000
01028215
01028219
01028294
0102829e
01028312
01028392
01028399
01028414
01028419
000013cf
00800000
01028214
01028219
0102829a
01028312
0102831a
01028392
01028399
01028414
0102841b
01028514
000013d9
00800000
01028214
01028219
0102829a
01028312
0102831a
01028392
01028399
01028414
0102841b
01028514
000013da
00800000
01028219
01028291
01028312
0102831a
01028392
01028399
01028414
01028419
01028491
000013e4
00800000
01028191
0102819a
01028219
0102829a
0102831e
01028396
01028399
01028414
0102841c
01028514
000013ee
00800000
01028215
01028219
01028294
0102829e
01028316
0102831a
01028394
01028399
01028414
0102841e
01028514
000013f8
00800000
01028211
01028219
0102829b
01028392
01028399
01028414
0102841a
00001402
00800000
01028219
01028294
0102829b
01028314
01028392
01028399
01028414
01028496
01028499
0000140c
00800000
01028295
0102829b
01028316
0102831a
01028399
01028414
0102841b
01028514
00001417
00800000
01028214
01028219
01028294
0102829b
0102831f
01028399
01028414
0102841a
01028499
01028514
00001421
00800000
01028215
01028292
01028312
0102831a
01028399
01028414
01028514
0000142b
00800000
01028214
0102829a
01028316
0102831a
01028392
01028414
0102841a
01028494
0102849a
00001435
00800000
01028192
01028215
0102829a
01028312
0102831a
01028392
01028399
01028514
0000143f
00800000
01028292
0102829b
01028312
01028392
01028399
01028414
0102849b
00001449
00800000
01028219
0102829a
01028314
0102831a
01028394
0102839b
01028414
0102841a
01028514
00001454
00800000
01028211
01028219
0102829a
01028314
0102831a
01028396
01028399
01028414
01028419
01028492
0000145e
00800000
01028219
01028312
0102831a
01028392
01028399
01028414
0102841a
0102849a
01028514
00001468
00800000
0102829d
01028316
0102831a
01028394
01028399
01028414
01028514
00001472
00800000
01028192
01028212
01028292
01028314
0102831e
01028414
0102841e
01028494
0102849b
0000147c
00800000
01028214
01028219
01028316
01028396
01028491
01028514
00001486
00800000
01028211
01028219
0102829a
01028316
0102831a
01028394
0102839c
01028414
0102841a
0102849a
00001491
00800000
01028214
01028312
01028399
01028414
0102841b
01028494
0102849b
0000149b
00800000
01028196
0102819a
01028214
01028219
01028299
0102831a
01028392
01028399
01028414
0102841d
000014a5
00800000
01028211
01028219
01028294
0102829b
01028312
0102831e
01028399
01028414
0102841b
0102849b
000014af
00800000
01028215
01028292
0102829b
01028312
01028319
01028396
01028414
0102841f
0102849a
01028514
000014b9
00800000
01028291
0102829a
01028316
0102831c
01028396
01028399
000014c3
00800000
01028192
01028211
01028299
01028314
0102831a
01028399
01028414
01028494
01028514
000014ce
00800000
01028219
01028299
01028314
01028396
0102839d
01028414
01028499
000014d8
00800000
01028314
01028414
000014e2
00800000
01028211
01028219
01028294
0102831e
01028399
01028414
0102841a
000014ec
00800000
0102819a
01028211
01028299
01028314
0102831c
01028396
01028414
0102841a
000014f6
00800000
01028214
01028219
01028294
0102829a
01028316
0102831c
01028392
01028399
01028414
01028494
01028514
00001500
00800000
01028214
01028219
01028294
0102829a
01028316
01028392
01028399
01028414
00001501
00800000
01028219
0102829b
01028316
01028399
01028414
0102841d
0102849a
01028514
0000150b
00800000
01028219
0102829a
01028314
0102831c
01028396
01028399
01028414
0102841d
01028514
00001515
00800000
01028214
01028219
01028292
0102829a
01028316
0102831a
01028394
01028414
01028514
0000151f
00800000
01028211
01028299
01028316
0102831a
01028392
01028399
01028414
01028494
01028499
01028514
00001529
00800000
0102829a
01028316
01028392
01028414
01028494
01028499
00001533
00800000
01028211
01028219
01028292
0102829b
01028312
0102831a
01028399
01028414
0102841b
01028494
0000153d
00800000
01028211
01028219
01028292
0102829b
01028312
0102831a
01028399
01028414
0102841b
01028494
0000153e
00800000
01028291
0102831a
01028396
01028399
01028414
0102841d
01028496
01028499
00001548
00800000
01028211
01028219
01028299
01028312
0102831c
01028399
01028414
0102841d
01028499
00001552
00800000
01028215
01028219
01028293
0102829b
01028316
01028414
01028419
01028499
01028514
0000155c
00800000
01028219
01028299
01028314
0102831e
01028392
01028399
01028414
01028419
01028494
01028499
00001566
00800000
01028214
01028219
0102829a
01028399
01028414
0102841a
01028499
01028514
00001570
00800000
01028211
01028219
01028295
01028299
01028314
0102831a
01028392
01028399
01028414
0102841a
01028499
01028514
0000157b
00800000
01028211
01028219
01028294
01028314
0102831a
01028392
01028399
01028414
0102848c
01028514
00001585
00800000
0102819a
0102829a
01028314
0102831a
01028399
01028414
01028419
01028499
01028514
0000158f
00800000
01028214
01028219
01028297
0102829b
01028316
0102831a
01028392
01028399
01028414
0102841b
01028499
00001599
00800000
01028192
01028219
01028291
0102829b
0102831a
01028399
01028494
000015a3
00800000
01028114
01028211
01028219
01028314
0102831b
01028396
01028399
01028416
01028494
01028499
01028514
000015ad
00800000
01028114
01028219
0102829b
01028312
0102831a
01028399
01028414
0102841b
01028499
000015b8
00800000
01028214
01028219
01028299
01028314
0102831a
01028392
01028399
01028414
0102841c
01028514
000015c2
00800000
01028211
01028219
01028291
0102829b
01028314
0102831a
01028392
01028414
0102841a
000015cc
00800000
01028219
0102829a
01028316
0102831c
01028394
0102839c
01028414
01028514
000015d6
00800000
01028219
01028297
01028299
01028314
0102831a
01028394
01028399
01028414
0102841a
0102849a
000015e0
00800000
01028292
0102829b
01028316
0102831b
01028396
01028399
01028414
0102841a
0102849b
01028514
000015ea
00800000
01028219
0102829a
01028316
0102831e
01028396
01028399
01028414
000015f5
00800000
01028215
01028294
0102829b
01028316
0102831a
01028392
01028399
01028414
0102841e
01028514
000015ff
00800000
01028114
01028214
0102829a
01028312
0102831a
01028399
01028414
0102841b
01028492
00001609
00800000
01028294
0102829b
0102831a
0102839b
01028414
0102841b
01028499
01028514
00001613
00800000
0102829a
01028316
0102831a
01028392
01028414
0102841b
01028499
0000161d
00800000
01028214
01028294
01028312
01028399
01028414
0102841a
01028514
00001627
00800000
01028214
0102829a
01028314
0102831e
01028394
0102839d
01028414
01028419
01028499
01028514
00001632
00800000
01028219
01028294
0102829a
01028316
0102831a
01028394
01028399
01028414
01028494
0000163c
00800000
01028211
0102829b
01028312
01028399
01028414
0102841c
01028494
01028499
01028514
00001646
00800000
01028316
0102831a
01028396
01028399
01028414
01028499
00001650
00800000
01028219
0102829a
01028314
0102831a
01028396
01028399
01028414
0102841e
0000165a
00800000
01028214
01028219
01028314
01028399
01028414
01028419
01028514
00001664
00800000
01028214
01028219
01028314
01028399
01028419
01028514
00001665
00800000
01028219
0102829b
01028316
0102831b
01028394
01028399
01028414
01028419
01028496
01028499
0000166f
00800000
01028215
0102821d
01028294
0102829a
01028312
0102831a
01028399
0102841a
01028499
00001679
00800000
01028114
01028214
01028219
01028291
01028299
0102831a
01028399
01028414
0102841a
00001683
00800000
01028211
01028219
01028316
01028392
01028399
01028414
0102841a
01028499
0000168d
00800000
01028214
01028294
0102829b
01028312
0102831a
01028392
01028399
01028414
01028494
01028499
01028514
00001697
00800000
01028114
01028211
0102829b
01028314
01028399
01028414
01028514
000016a1
00800000
01028114
01028211
0102829b
01028314
01028399
01028414
01028514
000016a2
00800000
01028299
01028316
01028392
01028399
01028414
01028419
01028494
01028499
000016ac
00800000
01028219
0102829b
01028316
0102831b
01028396
01028399
01028414
000016b6
00800000
01028214
01028219
0102829b
0102831e
01028414
0102841b
0102849a
000016c0
00800000
01028194
01028214
0102829a
01028312
0102831c
01028396
010283a1
01028414
0102841c
01028499
01028514
000016ca
00800000
01028219
01028314
01028394
01028414
01028419
01028494
01028499
01028514
000016d4
00800000
01028211
01028219
0102829a
0102831a
01028394
0102839d
01028414
0102841b
01028499
01028514
000016df
00800000
01028214
01028294
0102829b
01028314
01028392
01028399
01028414
01028419
01028494
000016e9
00800000
01028219
01028294
0102829b
01028316
0102831a
01028399
01028414
0102841a
01028494
01028514
000016f3
00800000
01028294
0102829a
0102831a
01028399
010283a1
01028414
0102841f
01028514
000016fd
00800000
01028114
01028214
01028299
01028316
0102831a
01028394
01028414
00001707
00800000
01028219
01028292
0102829a
01028316
0102831a
01028399
01028414
00001711
00800000
01028299
01028316
0102831a
01028414
0102841b
01028492
0102849a
0000171c
00800000
01028299
01028316
01028394
01028399
01028414
0102841a
01028494
00001726
00800000
01028219
01028296
01028299
01028314
0102831a
01028399
01028414
01028419
01028499
01028514
00001730
00800000
01028219
0102829b
0102831a
01028399
01028414
01028419
01028494
0000173a
00800000
01028195
01028214
01028292
01028299
01028316
0102831a
01028392
01028399
01028414
0102841a
01028494
01028514
00001744
00800000
01028219
01028294
0102829a
0102831a
01028392
01028414
0102841a
0000174e
00800000
01028194
01028219
01028294
0102829a
01028316
0102831a
01028392
01028399
01028414
01028419
01028499
00001759
00800000
01028211
0102829a
01028312
0102831a
01028392
01028399
01028414
0102841a
01028494
00001763
00800000
01028114
01028316
01028392
0102839c
01028414
0102841a
01028499
01028514
0000176d
00800000
01028219
0102829b
01028312
01028399
01028415
01028494
00001777
00800000
01028211
0102821d
01028291
0102829b
01028316
0102831a
01028394
01028399
01028414
01028494
0102849b
01028514
00001781
00800000
01028211
01028219
01028294
0102829b
01028316
0102831a
01028392
01028399
01028414
0102841b
0102849a
01028514
0000178b
00800000
01028192
01028214
01028219
01028294
01028315
01028396
0102839d
01028414
0102841f
01028492
01028514
00001796
00800000
01028211
01028219
01028312
0102831a
01028396
01028399
01028414
0102841a
0102849a
000017a0
00800000
01028211
01028219
01028294
0102829b
01028316
01028392
01028414
01028419
0102849a
000017aa
00800000
01028219
01028294
0102829b
01028314
01028392
01028414
000017b4
00800000
01028199
01028214
0102829b
01028316
0102831a
01028392
01028399
01028414
0102841b
01028514
000017be
00800000
01028219
01028294
0102829b
01028316
01028319
01028396
01028399
01028414
000017c8
00800000
01028294
01028314
01028392
01028414
000017c9
00800000
01028214
01028219
0102829a
01028316
0102831a
01028392
01028399
01028414
000017d3
00800000
01028114
01028219
0102829b
0102831a
01028394
01028399
01028414
0102841b
01028496
01028499
000017dd
00800000
01028219
01028299
01028316
01028392
01028399
01028414
01028419
01028499
000017e7
00800000
01028114
01028219
01028314
0102831e
01028396
01028399
01028414
0102841b
01028492
01028499
000017f1
00800000
01028219
0102829b
01028316
0102831e
01028392
01028399
01028414
0102841a
01028494
000017fb
00800000
01028219
01028316
0102831a
01028394
01028399
01028414
01028419
00001805
00800000
01028219
01028316
0102831a
01028394
01028399
01028419
00001806
00800000
01028215
01028219
01028294
01028314
0102831a
01028396
01028399
01028414
0102841e
01028494
01028499
00001810
00800000
01028299
01028314
01028394
01028399
01028414
0102841a
01028494
0000181a
00800000
01028211
01028219
01028294
0102829b
01028314
0102831c
01028396
01028399
01028414
01028492
01028499
01028514
00001824
00800000
01028214
01028219
0102829b
01028314
0102831e
01028396
01028399
01028414
01028514
0000182e
00800000
01028219
0102829b
01028316
0102831a
01028392
01028399
01028414
0102841a
01028496
01028499
00001838
00800000
01028219
01028294
0102829a
01028316
0102831e
0102839c
01028414
0102841a
01028494
01028514
00001843
00800000
01028219
0102829b
01028316
0102831b
01028394
01028414
0102841b
01028514
0000184d
00800000
01028199
01028211
01028219
01028299
01028314
01028394
01028399
0102841f
01028499
01028514
00001857
00800000
01028211
0102829b
01028316
01028396
01028399
01028414
0102841f
01028514
00001861
00800000
01028312
01028392
0102839d
01028414
01028494
01028514
0000186b
00800000
01028219
0102829b
01028316
0102831e
0102839f
01028414
0102841e
00001875
00800000
01028211
01028219
0102829e
01028314
0102831b
01028399
01028414
0102841b
01028494
01028499
00001880
00800000
01028294
01028314
01028319
01028399
010283a1
01028414
0000188a
00800000
0102829a
0102831a
01028392
01028399
01028414
01028514
00001894
00800000
01028291
01028299
01028319
01028392
01028399
01028414
01028494
0000189e
00800000
01028114
01028214
01028219
01028296
0102829b
01028314
0102831a
01028392
01028399
01028414
01028419
01028514
000018a8
00800000
01028291
0102829b
01028316
0102831b
01028394
01028399
01028414
0102841a
000018b2
00800000
01028219
01028299
01028314
0102831a
01028396
0102839c
01028414
01028419
0102849a
01028514
000018bd
00800000
01028192
01028219
01028392
01028399
01028414
0102849a
01028514
000018c7
00800000
01028114
01028219
0102829b
01028314
0102831b
01028399
01028414
01028494
000018d1
00800000
0102819a
01028214
01028219
01028294
0102829a
0102831a
01028394
0102839b
01028414
01028492
01028514
000018db
00800000
01028211
0102821c
0102829b
0102831a
01028394
01028399
01028414
0102841b
0102849a
000018e5
00800000
01028211
01028219
01028316
01028392
01028399
000018ef
00800000
01028214
01028294
0102829a
01028316
01028396
01028399
01028414
0102841f
01028499
01028514
000018fa
00800000
01028211
01028299
01028314
0102831a
01028394
01028399
01028414
01028419
01028492
01028499
01028514
00001904
00800000
01028192
01028214
0102829b
01028314
01028396
01028399
01028414
0102841b
01028499
01028514
0000190e
00800000
01028215
01028219
01028294
0102829b
01028314
0102831a
0102839d
0102841a
0102849b
00001918
00800000
01028219
01028299
01028314
01028392
0102839d
0102841b
01028499
00001922
00800000
01028211
01028219
01028294
0102829b
01028316
01028399
01028414
0000192c
00800000
0102829a
0000192d
00800000
01028114
01028211
01028219
01028296
01028299
0102831e
01028394
01028399
01028414
01028419
01028494
01028514
00001937
00800000
01028192
01028219
0102829a
0102831a
01028396
01028414
01028419
00001941
00800000
01028194
0102829a
01028312
0102831a
01028392
01028399
01028414
01028499
0000194b
00800000
01028214
0102829a
01028314
0102831a
01028392
01028399
01028414
0102841c
01028514
00001955
00800000
01028192
01028214
01028219
0102829b
01028314
0102831a
01028396
01028399
01028414
0102841c
0000195f
00800000
01028292
01028299
0102831a
01028399
01028414
00001969
00800000
01028292
01028299
0102831a
01028399
01028414
0000196a
00800000
01028192
01028215
0102821d
01028294
0102829a
01028316
0102831a
0102839d
01028414
0102841a
01028494
01028499
01028514
00001974
00800000
0102819a
01028214
01028292
01028316
0102831e
01028396
01028399
01028414
0102841b
0102849a
01028514
0000197e
00800000
01028299
01028414
01028514
00001988
00800000
01028214
01028219
0102829a
0102831a
01028399
0102841b
01028492
00001992
00800000
01028219
01028294
0102829b
01028314
01028396
01028399
01028414
01028492
01028514
0000199c
00800000
01028414
000019a6
00800000
01028219
01028291
0102829a
01028316
0102831a
01028394
01028414
01028514
000019a7
00800000
01028214
01028394
01028399
01028414
01028419
01028499
000019b1
00800000
01028214
01028294
0102829a
0102831a
01028399
01028414
0102841b
01028494
0102849b
000019bb
00800000
01028219
0102829b
01028314
0102831e
01028396
01028399
01028414
000019c5
00800000
01028114
0102831a
01028399
01028414
0102841e
01028494
000019cf
00800000
01028219
01028299
01028312
0102831e
01028394
01028399
01028414
0102841a
01028514
000019d9
00800000
01028192
01028211
01028219
0102829b
01028314
0102831c
01028399
01028414
0102841a
000019e4
00800000
01028192
01028219
01028296
0102829b
01028314
01028319
01028399
01028414
01028514
000019ee
00800000
01028219
01028294
01028299
01028314
01028396
01028399
01028415
01028419
01028514
000019f8
00800000
0102829b
01028316
0102831a
01028392
01028414
0102841c
00001a02
00800000
0102829b
01028316
0102831c
01028392
01028399
01028414
0102841a
01028494
00001a0c
00800000
0102821d
0102829b
01028316
01028394
01028414
00001a16
00800000
01028194
0102830c
01028314
01028399
01028414
0102841b
0102849b
01028514
00001a21
00800000
01028192
01028219
0102829b
01028316
01028399
01028414
01028419
01028494
00001a2b
00800000
0102829b
01028314
0102831b
01028399
01028414
0102841b
00001a35
00800000
01028219
01028299
01028314
0102831a
01028399
01028414
01028494
00001a3f
00800000
01028219
01028291
0102829b
01028316
0102831a
01028392
01028399
01028414
01028419
00001a49
00800000
01028211
01028294
01028312
01028414
01028514
00001a53
00800000
0102829a
01028314
0102831a
01028396
01028399
01028414
01028419
01028499
00001a5e
00800000
01028114
01028294
0102829a
01028314
01028396
01028399
01028414
0102841a
01028514
00001a68
00800000
01028215
01028219
01028292
01028299
0102831a
01028396
01028399
01028414
0102841a
01028491
00001a72
00800000
01028211
01028219
0102829b
01028312
01028392
01028399
01028414
01028419
01028494
00001a7c
00800000
0102829b
01028314
01028394
01028399
01028414
0102841a
01028494
00001a86
00800000
0102829b
01028314
0102831a
01028394
01028399
01028416
01028514
00001a90
00800000
0102829a
01028314
0102831a
01028414
00001a91
00800000
01028292
0102829a
01028316
01028392
01028399
01028414
0102841d
00001a9b
00800000
0102829b
01028314
0102831a
01028399
01028414
0102841a
01028514
00001aa5
00800000
01028219
0102829b
01028314
0102831a
01028399
01028414
0102841b
0102849a
01028514
00001aaf
00800000
01028211
01028291
01028299
01028314
0102831a
01028396
0102839c
01028414
0102841b
01028494
01028499
01028514
00001ab9
00800000
01028219
01028294
0102829a
01028314
01028399
01028414
01028494
01028514
00001ac3
00800000
01028219
01028292
01028316
01028396
01028399
01028414
01028495
01028499
00001acd
00800000
01028219
01028292
01028316
01028396
01028399
01028414
01028494
01028499
00001ace
00800000
01028211
01028219
01028299
01028314
0102831e
01028394
01028399
01028414
0102841e
01028514
00001ad8
00800000
01028219
01028294
0102829b
01028312
01028399
01028414
01028514
00001ae2
00800000
01028293
0102829b
01028316
0102831a
01028394
01028399
01028414
0102841d
01028494
00001aec
00800000
01028219
0102829b
0102831a
01028396
01028399
01028414
01028492
00001af6
00800000
01028214
0102821d
01028299
01028316
0102831c
01028399
01028414
0102841b
01028494
01028499
00001b00
00800000
01028494
01028514
00001b0a
00800000
01028214
0102829a
01028312
0102831a
01028394
01028415
0102841b
01028494
01028499
01028514
00001b0b
00800000
01028215
01028316
0102831a
01028396
01028399
01028414
01028499
00001b15
00800000
01028219
0102829b
01028316
01028399
01028414
0102841a
01028492
00001b1f
00800000
01028211
01028294
01028299
0102831a
01028399
01028414
0102841a
01028494
00001b29
00800000
01028294
01028299
01028316
0102831a
01028399
01028414
00001b33
00800000
01028211
01028219
01028294
0102829a
01028316
01028392
01028399
0102841d
01028514
00001b3d
00800000
01028114
01028214
01028294
0102829b
01028399
01028414
00001b48
00800000
01028294
0102829b
01028314
0102831a
01028394
01028399
01028416
01028419
00001b52
00800000
01028294
0102829a
01028316
0102831a
01028393
01028399
01028414
01028419
00001b5c
00800000
01028316
0102831a
01028394
01028414
0102841a
0102848c
01028499
01028514
00001b66
00800000
01028114
01028219
01028316
01028414
01028419
01028499
01028514
00001b70
00800000
01028294
01028299
01028314
01028394
01028399
01028414
0102841a
00001b7a
00800000
01028215
0102829a
01028316
0102831a
01028392
01028399
01028414
01028419
01028514
00001b85
00800000
01028294
01028316
0102831a
01028392
0102839d
01028414
00001b8f
00800000
01028114
01028214
01028219
01028299
01028316
01028392
01028399
01028414
0102841d
01028494
01028499
01028514
00001b99
00800000
01028211
01028219
01028291
0102829a
01028314
0102831a
01028394
01028399
01028414
0102841e
01028514
00001ba3
00800000
01028192
01028211
01028219
01028291
01028299
01028312
0102831a
01028392
01028399
01028414
0102841f
01028514
00001bad
00800000
01028314
01028319
01028399
01028414
00001bb7
00800000
01028192
01028219
01028294
01028316
0102831e
01028396
01028399
010283a1
01028414
00001bc2
00800000
01028114
01028219
01028292
0102829a
01028312
0102831a
01028394
0102839d
01028414
0102841a
01028494
00001bcc
00800000
01028314
0102831a
01028396
01028399
01028419
01028492
01028499
01028514
00001bd6
00800000
01028219
01028294
0102829b
01028316
0102831e
01028392
0102849a
00001be0
00800000
01028294
01028312
0102831b
01028394
01028399
01028414
01028419
01028494
01028499
00001bea
00800000
01028214
0102829a
01028316
01028396
0102839c
01028414
0102841a
01028499
00001bf4
00800000
01028414
00001bf5
00800000
0102831a
01028393
0102839c
01028414
0102841a
00001bff
00800000
0102829a
01028314
01028396
01028399
01028414
0102841b
0102849a
00001c09
00800000
01028219
01028316
0102831a
01028394
01028399
01028414
0102841b
01028494
01028514
00001c13
00800000
01028219
01028292
01028299
01028392
01028399
01028412
0102841b
01028499
01028514
00001c1d
00800000
01028214
01028219
0102829b
01028312
0102831e
01028392
01028399
01028414
0102841b
01028494
01028499
00001c27
00800000
01028219
0102829b
01028314
01028399
01028414
0102841f
01028514
00001c31
00800000
01028219
0102829b
01028314
01028399
01028414
0102841f
01028514
00001c32
00800000
01028214
01028291
01028299
01028316
0102831a
01028392
01028399
01028414
0102841a
01028494
00001c3c
00800000
01028312
0102831a
01028392
01028399
010283a1
01028416
0102841b
01028499
00001c46
00800000
01028214
0102831a
0102839b
01028414
01028419
01028514
00001c50
00800000
01028214
0102821c
0102829e
01028314
0102831a
01028399
01028414
01028419
01028499
00001c5a
00800000
01028114
01028219
01028294
0102829b
01028316
0102831a
01028396
01028399
01028414
01028419
01028494
00001c64
00800000
01028214
01028219
0102829a
01028314
0102831e
01028392
01028399
01028414
01028499
00001c6f
00800000
01028194
01028214
01028219
01028314
0102831a
01028399
01028414
0102841a
00001c79
00800000
01028299
0102831c
01028392
01028399
01028414
0102841d
01028494
01028514
00001c83
00800000
01028211
01028219
01028294
0102829b
01028312
0102831a
01028392
01028399
01028416
01028419
00001c8d
00800000
01028314
0102831e
01028399
01028414
01028419
01028492
00001c97
00800000
01028199
01028214
01028219
0102829a
01028317
0102831a
01028399
01028414
01028419
00001ca1
00800000
01028292
01028316
01028392
01028399
01028414
01028419
00001cac
00800000
01028299
01028316
01028394
01028399
01028414
0102841b
01028514
00001cb6
00800000
01028191
01028215
01028219
01028294
01028299
01028316
0102831b
01028399
01028414
01028419
01028499
00001cc0
00800000
0102821d
01028299
01028314
0102831b
01028392
01028399
01028414
01028492
00001cca
00800000
01028114
01028214
01028219
01028292
0102829a
01028316
01028319
01028399
01028414
0102841b
01028499
00001cd4
00800000
01028219
01028294
0102829a
01028314
01028392
01028399
01028414
01028419
01028514
00001cde
00800000
01028292
0102829a
0102831a
01028399
01028414
00001ce9
00800000
01028211
0102829a
01028314
0102831e
01028396
01028399
01028414
01028494
00001cf3
00800000
01028192
01028199
01028211
01028219
01028296
0102829a
01028314
0102831c
01028392
01028399
01028414
01028419
01028514
00001cfd
00800000
01028211
01028219
0102829b
01028316
0102831e
01028394
0102839d
01028414
0102841f
0102849a
00001d07
00800000
01028214
01028294
0102829b
01028316
0102831e
01028399
0102841a
0102849b
01028514
00001d11
00800000
01028294
0102831a
01028396
01028414
00001d1b
00800000
01028214
01028294
0102829a
01028316
0102831b
01028394
01028399
01028414
0102841b
01028499
01028514
00001d26
00800000
01028114
01028219
01028299
0102831a
01028392
01028414
0102841f
01028494
01028499
01028514
00001d30
00800000
01028291
0102829c
01028314
0102831a
01028396
01028414
0102841b
01028514
00001d3a
00800000
01028215
0102821c
0102829c
01028312
01028396
01028399
01028414
01028499
00001d44
00800000
01028214
01028219
01028295
0102829b
01028316
0102831f
01028399
01028414
01028494
00001d4e
00800000
01028211
01028219
0102829a
01028314
0102831e
01028396
01028399
01028414
01028494
00001d58
00800000
0102829a
01028394
01028399
00001d59
00800000
01028214
0102829a
01028314
01028392
01028399
01028414
0102841d
00001d63
00800000
01028292
0102829b
01028316
0102831a
01028392
01028399
01028414
0102841c
01028492
00001d6d
00800000
01028294
0102829b
01028316
0102831e
01028392
01028399
01028416
0102841b
01028514
00001d77
00800000
01028214
01028219
01028299
01028314
01028399
01028414
01028419
00001d81
00800000
01028211
0102829a
01028316
01028394
01028399
01028414
01028419
01028499
01028514
00001d8b
00800000
01028316
0102831a
01028392
01028414
01028419
01028514
00001d95
00800000
01028316
0102831a
01028392
01028414
01028419
01028514
00001d96
00800000
0102819a
01028211
01028219
01028299
01028314
0102831b
01028394
01028399
01028414
0102841a
0102849b
01028514
00001da0
00800000
01028219
01028292
01028299
01028316
0102831c
01028396
01028399
01028414
01028419
01028492
0102849a
00001daa
00800000
0102829a
0102831c
01028392
01028399
01028414
0102841d
0102849a
01028514
00001db4
00800000
01028194
01028211
01028219
0102829a
01028316
0102831a
0102839d
01028414
0102841b
00001dbe
00800000
01028294
01028316
0102831a
01028396
01028399
01028414
0102841a
00001dc8
00800000
01028312
01028394
01028399
01028414
0102841a
01028494
01028514
00001dd2
00800000
01028219
0102829b
01028316
01028396
01028399
01028414
0102841a
01028494
01028514
00001dd3
00800000
0102821c
01028294
0102829b
01028316
0102831a
01028396
01028414
0102841b
01028494
01028514
00001ddd
00800000
01028219
01028294
0102829a
01028316
0102831a
01028392
01028399
010283a1
01028414
01028419
01028514
00001de7
00800000
01028214
01028299
0102831e
0102839d
01028414
01028419
01028421
01028499
01028514
00001df1
00800000
01028211
0102829a
0102831a
01028392
01028399
01028414
0102849a
01028514
00001dfb
00800000
01028219
0102829b
01028316
01028414
0102841b
01028494
01028514
00001e05
00800000
01028194
01028219
0102829b
01028316
01028399
010283a1
01028414
00001e10
00800000
01028194
01028215
0102831c
01028399
01028414
0102841c
0102849a
00001e1a
00800000
0102829b
0102831a
01028414
01028494
00001e24
00800000
01028214
0102829b
01028316
0102831a
01028392
0102839b
00001e2e
00800000
0102831c
01028394
01028399
01028414
0102841d
01028494
00001e38
00800000
01028111
01028219
01028292
01028299
01028316
0102831b
01028396
01028399
01028414
0102841b
01028499
00001e42
00800000
01028214
01028219
01028291
0102829a
01028316
01028392
01028399
01028414
0102841e
00001e4d
00800000
0102829a
01028316
01028394
01028399
01028414
0102841a
01028494
0102849a
00001e57
00800000
01028192
01028219
0102829a
01028316
01028392
01028399
01028414
0102841c
00001e61
00800000
01028219
0102829a
01028314
0102831a
01028399
01028414
0102841a
00001e6b
00800000
0102819a
01028219
01028299
01028314
01028394
01028399
01028414
0102841b
01028499
00001e75
00800000
01028114
01028219
0102829b
01028316
01028392
01028399
01028414
01028419
00001e7f
00800000
01028211
01028296
0102829a
01028315
0102831a
01028392
01028399
01028419
01028494
00001e8a
00800000
01028215
0102829a
01028314
0102831c
01028394
01028399
01028414
0102841a
01028494
01028514
00001e94
00800000
0102819a
01028214
01028292
0102829a
01028315
0102831a
01028396
01028399
01028414
01028419
01028494
0102849b
01028514
00001e9e
00800000
01028211
0102829b
01028316
0102831a
01028392
01028399
01028414
01028494
00001ea8
00800000
01028219
0102829a
01028314
0102831a
01028394
01028414
0102841a
00001eb2
00800000
01028219
01028316
0102831a
01028396
01028399
01028414
0102841c
01028496
01028514
00001ebc
00800000
01028414
00001ebd
00800000
01028214
01028316
0102831a
01028392
01028399
01028414
00001ec7
00800000
0102829b
01028394
01028399
01028414
01028419
01028514
00001ed1
00800000
01028215
01028219
0102829b
01028391
01028399
01028414
01028514
00001edb
00800000
0102829b
0102831a
01028399
01028414
01028419
01028494
01028514
00001ee5
00800000
0102821d
0102829b
01028314
0102831d
01028396
0102839d
01028414
0102841b
01028499
01028514
00001eef
00800000
01028219
01028296
0102829b
01028312
0102831b
01028399
01028414
0102841c
01028514
00001ef9
00800000
01028219
01028294
0102829b
01028312
0102831b
01028399
01028414
0102841c
01028514
00001efa
00800000
0102811a
01028191
0102819a
01028219
01028316
0102831b
01028392
01028399
01028414
01028419
00001f04
00800000
01028294
01028299
01028316
0102831a
01028399
01028414
0102841a
0102848c
01028494
00001f0e
00800000
01028219
01028299
01028316
0102831e
01028392
01028399
01028414
0102841b
0102849b
00001f18
00800000
01028211
0102829a
01028314
01028394
01028399
01028414
0102841e
0102849a
01028514
00001f22
00800000
01028314
0102831a
01028392
01028399
01028419
01028514
00001f2c
00800000
01028299
01028399
01028414
01028494
01028499
00001f36
00800000
01028211
01028294
0102829b
01028312
0102831a
01028392
01028399
01028414
01028494
0102849b
01028514
00001f37
00800000
01028211
01028219
01028292
0102829b
01028314
0102831a
01028392
01028399
01028414
0102841d
00001f41
00800000
0102829b
01028316
0102831a
01028392
01028399
01028414
0102849b
00001f4b
00800000
01028114
01028219
01028294
0102829b
01028314
0102831f
01028399
01028414
0102841f
01028499
01028514
00001f55
00800000
01028211
01028219
01028295
01028312
0102831c
01028392
01028399
01028414
0102841d
01028494
0102849b
00001f5f
00800000
01028292
0102829a
01028316
01028399
01028414
01028419
0102848c
01028494
0102849a
01028514
00001f69
00800000
01028219
01028292
0102829b
01028315
0102831a
01028394
01028399
01028414
0102841d
01028514
00001f74
00800000
01028219
0102829a
01028316
0102831e
01028394
01028414
0102841e
01028494
01028514
00001f7e
00800000
01028214
01028219
01028296
01028299
01028316
0102831b
01028394
01028399
01028414
0102841b
01028494
0102849b
01028514
00001f88
00800000
01028219
01028299
01028312
0102831e
01028396
01028416
0102841e
01028499
01028514
00001f92
00800000
0102819a
01028214
01028294
0102829b
01028314
01028319
01028394
01028399
01028414
0102849a
01028514
00001f9c
00800000
01028219
0102829a
01028312
0102831a
01028392
01028399
01028414
01028514
00001fa6
00800000
01028214
01028299
0102831e
01028399
01028414
01028514
00001fb1
00800000
01028219
01028297
01028299
01028316
0102831c
01028392
01028414
0102841a
01028514
00001fbb
00800000
01028291
0102829a
01028312
0102831c
01028399
01028414
01028499
01028514
00001fc5
00800000
01028192
01028214
01028219
01028312
01028399
01028414
01028499
00001fcf
00800000
01028292
0102829b
01028316
0102831a
01028399
01028414
01028419
01028494
01028499
00001fd9
00800000
01028114
01028214
01028291
0102829a
01028316
01028399
01028414
0102841b
01028492
01028514
00001fe3
00800000
01028214
01028219
0102829b
0102831e
01028399
01028414
01028419
00001fee
00800000
01028296
0102829a
01028314
0102831a
01028392
01028399
01028414
0102841c
01028491
00001ff8
00800000
01028192
01028214
0102829a
01028316
01028399
01028414
0102841a
01028499
01028514
00002002
00800000
01028214
01028314
0102831a
01028392
01028414
01028419
0000200c
00800000
01028194
01028293
0102829a
01028312
0102831a
01028392
01028399
01028414
01028419
01028514
00002016
00800000
01028299
01028314
0102831e
01028396
01028399
01028414
0102841a
01028514
00002020
00800000
01028194
01028215
01028292
0102829a
01028312
0102831a
01028399
01028416
01028494
01028514
0000202b
00800000
01028294
0102829a
01028399
01028414
0102841b
01028494
01028499
01028514
00002035
00800000
01028219
0102829b
01028316
0102831a
01028394
01028399
01028414
0102841b
01028514
0000203f
00800000
01028299
01028314
0102831a
01028396
01028414
01028419
00002049
00800000
01028114
0102829b
01028316
0102831e
01028392
01028399
01028414
01028419
01028499
00002053
00800000
01028219
0102829c
01028314
0102831c
01028396
01028399
01028414
01028514
0000205d
00800000
01028219
01028314
0102831c
01028396
01028399
01028414
0000205e
00800000
01028219
0102829b
01028313
01028319
01028392
01028399
01028414
00002068
00800000
01028292
0102829b
01028316
0102831e
01028399
01028414
0102841e
0102849a
00002072
00800000
01028211
01028291
0102829b
01028316
0102831a
01028414
0102841b
0102849b
0000207c
00800000
01028292
01028299
01028316
01028396
01028399
01028414
0102841a
01028494
0102849a
00002086
00800000
01028211
01028314
0102831a
01028414
00002090
00800000
01028211
01028219
01028312
0102831a
01028392
01028399
01028414
0102841b
01028494
0000209a
00800000
01028211
01028219
0102829b
01028312
0102831a
01028396
01028399
01028414
0102841b
01028494
0000209b
00800000
0102821d
01028294
0102829b
01028314
0102831a
01028399
01028414
01028419
0102849b
000020a5
00800000
01028211
01028219
0102829b
01028314
0102831a
01028396
01028399
01028414
01028492
01028499
000020af
00800000
01028219
01028296
0102829b
01028314
0102839d
01028414
0102841b
01028494
01028514
000020b9
00800000
01028219
0102829b
01028312
01028399
01028414
0102841a
01028499
000020c3
00800000
0102819a
01028299
0102831a
01028392
01028399
01028414
0102841b
000020cd
00800000
01028316
0102831a
01028414
000020d8
00800000
01028219
01028314
0102831e
01028396
01028399
01028414
000020e2
00800000
01028214
01028291
0102829a
01028316
01028391
01028399
01028416
01028495
000020ec
00800000
01028214
01028292
01028299
01028316
0102831b
01028394
01028399
01028414
000020f6
00800000
01028299
01028314
01028319
01028399
01028414
01028499
00002100
00800000
01028214
01028219
0102829b
01028316
0102831a
01028392
0102839d
01028414
01028514
0000210a
00800000
01028292
0102829a
0102831a
01028399
01028414
0102841e
01028492
01028499
00002115
00800000
01028214
0102829a
01028314
01028392
01028399
01028414
0000211f
00800000
01028294
0102829a
01028316
01028392
01028414
00002129
00800000
01028214
01028219
0102829a
01028316
0102831a
01028392
01028399
01028414
0102841c
01028494
01028514
00002133
00800000
01028214
01028294
0102829a
01028314
0102831e
01028399
01028414
0102841b
0102849a
01028514
0000213d
00800000
01028219
01028312
0102831a
01028399
01028414
01028492
01028499
00002147
00800000
01028392
0102839d
01028414
00002152
00800000
01028316
01028396
01028399
01028414
0102841e
01028499
0000215c
00800000
01028219
0102829a
01028314
0102831a
01028392
0102839b
01028414
00002166
00800000
01028291
0102829a
0102831a
01028392
01028399
01028414
0102841e
01028494
01028499
00002170
00800000
01028314
01028399
01028414
01028419
0000217a
00800000
01028192
0102829a
01028312
01028399
01028414
01028494
0102849a
00002184
00800000
0102829a
00002185
00800000
01028214
01028219
01028294
0102829b
01028316
0102831e
01028399
01028414
0102841a
0000218f
00800000
01028219
0102829b
01028316
0102831a
01028414
0102841a
01028514
00002199
00800000
01028219
0102829b
0102831a
01028392
01028399
01028414
01028499
000021a3
00800000
01028214
01028292
01028312
0102831a
01028394
01028399
01028414
000021ad
00800000
01028114
01028219
01028291
0102829b
01028316
0102831a
01028392
01028399
01028414
000021b7
00800000
01028219
01028294
0102829a
01028312
01028399
01028414
0102841a
01028496
01028499
01028514
000021c1
00800000
01028219
01028294
0102829a
01028312
01028399
01028414
01028494
01028514
000021c2
00800000
01028211
0102829a
01028316
01028392
01028399
01028414
01028494
01028514
000021cc
00800000
01028114
01028215
0102829a
01028312
0102831a
01028394
01028414
0102841b
01028494
01028499
000021d6
00800000
01028219
0102829a
01028314
0102831a
01028396
01028399
01028414
0102841a
01028499
01028514
000021e0
00800000
0102829a
01028312
0102831a
01028392
01028414
01028494
01028499
01028514
000021ea
00800000
01028314
0102831a
01028399
01028414
01028494
01028514
000021f4
00800000
01028219
01028299
01028316
01028394
01028399
01028414
0102841b
000021fe
00800000
01028215
01028219
01028299
01028316
01028394
01028399
01028414
0102841b
01028494
0102849a
000021ff
00800000
01028299
01028316
0102831c
01028414
0102841c
01028494
00002209
00800000
01028215
0102829b
01028316
0102831a
01028392
01028399
01028414
01028494
00002213
00800000
01028099
01028219
01028292
01028312
0102831a
01028399
01028414
0102841b
01028491
01028514
0000221d
00800000
0102829a
01028312
01028399
01028414
01028491
0102849b
00002227
00800000
01028214
0102829b
01028316
01028392
01028399
01028414
01028419
00002231
00800000
01028219
0102829b
01028314
0102831e
01028514
0000223c
00800000
01028219
01028316
01028396
01028399
01028414
01028419
01028499
01028514
00002246
00800000
0102829a
01028316
01028392
01028399
01028416
01028419
00002250
00800000
01028215
01028219
0102829a
01028316
0102831e
01028396
01028399
01028414
0102841e
0000225a
00800000
01028219
01028294
0102829b
01028316
0102831a
01028392
01028399
01028419
01028494
00002264
00800000
01028194
01028214
01028315
0102831a
01028394
01028399
01028414
0102841c
0000226e
00800000
01028211
01028219
01028291
0102829a
01028314
01028392
01028414
0102841a
01028514
00002279
00800000
01028314
01028392
01028399
01028414
01028419
01028514
00002283
00800000
01028215
01028294
01028299
0102831a
0102839b
01028414
0102841a
0000228d
00800000
01028219
01028294
0102829a
01028316
0102831a
01028396
01028399
01028414
0102841a
01028499
01028514
00002297
00800000
01028219
0102829a
01028312
0102831a
01028392
01028399
01028414
01028499
000022a1
00800000
01028114
01028214
01028219
01028291
0102829a
0102831a
01028399
01028414
01028419
01028492
01028499
000022ab
00800000
01028299
01028312
01028394
01028399
01028414
01028419
000022b6
00800000
01028219
01028292
0102829b
01028312
01028392
01028399
01028414
0102841b
01028494
01028514
000022c0
00800000
01028219
01028294
01028314
0102831c
01028396
01028399
01028414
01028419
01028494
01028514
000022ca
00800000
01028219
0102829b
01028314
01028399
01028414
01028492
000022d4
00800000
01028219
0102829b
01028314
0102831a
01028392
01028399
01028414
0102841b
01028492
0102849a
000022de
00800000
01028214
01028219
01028294
0102829b
01028314
0102831c
01028396
01028414
0102841a
01028492
0102849a
01028514
000022e8
00800000
01028292
0102829b
01028312
0102831a
01028399
01028414
0102841b
0102849a
01028514
000022f3
00800000
01028211
01028219
01028294
0102831a
01028399
01028415
0102841a
01028492
0102849a
01028514
000022fd
00800000
01028312
0102831a
01028392
0102839d
01028414
01028419
01028514
00002307
00800000
01028219
0102829b
01028314
01028394
01028399
010283a1
01028414
01028499
01028514
00002311
00800000
01028219
01028292
01028314
0102831a
01028399
01028414
0102841f
01028492
0000231b
00800000
01028219
01028299
01028312
0102831a
01028399
01028414
0102841c
01028494
01028499
00002325
00800000
01028219
01028299
01028312
0102831a
01028399
01028414
01028494
01028499
00002326
00800000
01028299
0102831a
01028394
01028399
01028414
0102841a
01028494
00002330
00800000
01028299
01028314
01028392
01028399
01028414
01028494
01028514
0000233a
00800000
01028114
01028215
01028294
01028312
01028392
01028414
0102841a
00002344
00800000
01028111
01028219
01028294
0102831a
01028392
01028399
0102849a
01028514
0000234e
00800000
0102829a
01028316
0102831a
01028392
01028399
01028414
01028419
01028514
00002358
00800000
01028299
01028316
0102831a
01028394
01028399
01028414
0102841a
01028499
01028514
00002362
00800000
01028299
01028316
0102831a
01028396
01028399
01028414
0102841a
01028499
01028514
00002363
00800000
01028214
01028219
0102829a
01028316
0102831a
01028396
01028399
01028414
01028419
0000236d
00800000
01028219
0102829b
01028314
01028396
01028399
01028414
0102841a
00002377
00800000
01028192
01028199
01028294
0102829f
01028313
0102831e
0102839c
01028414
0102841a
01028494
00002381
00800000
01028114
01028219
01028299
01028314
0102831a
01028392
0102839d
01028414
0102841f
01028499
01028514
0000238b
00800000
0102829b
01028312
0102831a
01028392
01028399
01028414
0102841b
0102849b
00002395
00800000
01028292
0102829a
01028314
0102831a
01028394
01028399
01028414
01028419
01028494
01028499
01028514
000023a0
00800000
01028312
01028392
01028399
01028414
0102841a
0102849a
000023aa
00800000
01028219
01028292
01028312
0102831e
01028396
01028399
01028414
0102841b
0102849b
01028514
000023b4
00800000
01028214
01028219
0102829a
01028314
0102831e
01028399
01028414
01028494
01028499
000023be
00800000
0102829a
01028316
0102831a
01028394
01028399
01028414
0102841d
000023c8
00800000
01028114
0102829a
01028316
0102831e
01028392
01028399
01028415
0102841b
01028494
01028514
000023d2
00800000
01028214
01028219
01028291
0102829a
01028316
01028319
01028392
01028399
01028414
01028494
000023dd
00800000
01028214
01028219
01028294
01028314
0102831e
01028392
01028399
01028414
01028494
01028514
000023e7
00800000
01028214
01028219
0102829b
01028314
01028394
0102839c
01028414
0102841a
01028492
000023f1
00800000
01028214
01028219
01028295
0102829a
01028316
01028399
01028414
000023fb
00800000
01028191
01028294
0102831a
01028394
01028399
01028414
0102841a
01028514
00002405
00800000
01028211
01028299
01028314
01028394
0102839d
01028414
0102841b
01028499
01028514
0000240f
00800000
01028292
0102829a
01028316
0102831a
01028396
01028399
01028414
0000241a
00800000
01028114
01028214
01028219
01028295
0102829b
0102831e
01028392
01028399
01028414
0102841b
01028494
00002424
00800000
01028219
0102829a
01028314
01028399
01028416
0102841b
0000242e
00800000
01028299
01028314
0102831a
01028394
01028416
0102841a
01028514
00002438
00800000
01028214
01028296
0102829a
01028314
01028392
01028399
01028414
0102841a
0102849b
00002442
00800000
0102829b
01028316
0102831a
01028399
01028416
0102841b
01028514
0000244c
00800000
01028219
01028295
0102829b
01028312
0102831a
01028392
01028399
01028414
0102841b
00002457
00800000
01028219
0102829a
01028314
01028394
01028399
01028414
0102841a
01028494
00002461
00800000
01028211
01028292
01028299
01028312
0102831b
01028394
01028399
01028414
0102841b
01028491
0000246b
00800000
01028294
01028314
0102831a
01028396
01028399
01028414
0102841e
01028494
0102849a
00002475
00800000
01028192
01028214
01028219
01028294
0102829b
01028314
0102831b
01028392
01028399
01028414
01028419
01028492
01028499
0000247f
00800000
01028114
01028219
0102829a
01028314
0102841a
01028514
00002489
00800000
0102829a
01028314
0102841a
01028514
0000248a
00800000
01028114
01028214
01028219
01028292
0102829c
01028399
01028414
0102841b
01028496
00002494
00800000
01028211
0102829a
01028317
01028392
01028399
01028414
0102841a
0000249e
00800000
01028219
01028291
0102829b
0102831a
01028414
0102841d
000024a8
00800000
01028294
0102829b
01028316
0102831a
01028396
01028399
01028414
0102841b
000024b2
00800000
01028192
01028219
0102829b
01028312
0102831a
01028391
01028399
01028414
01028419
01028514
000024bc
00800000
01028219
0102829b
01028316
01028399
01028414
01028492
000024c6
00800000
01028219
0102829b
01028316
0102831a
01028396
01028399
01028414
01028492
000024c7
00800000
01028219
01028294
0102829b
01028316
0102831b
01028392
01028399
01028414
000024d1
00800000
01028199
01028215
01028219
01028294
01028299
01028392
01028399
01028414
0102841a
0102849a
000024db
00800000
01028194
01028219
0102829b
01028316
0102831f
01028394
01028399
01028414
0102841d
000024e5
00800000
01028194
01028219
01028299
01028314
0102831d
01028392
01028399
01028414
0102841a
01028494
000024ef
00800000
01028214
01028219
0102829a
01028314
01028396
01028399
01028414
0102841f
01028491
01028499
01028514
000024f9
00800000
01028219
0102829a
01028312
01028392
01028399
01028414
0102841b
01028494
0102849b
00002504
00800000
01028212
01028219
0102829b
01028316
0102831b
01028394
01028399
01028514
0000250e
00800000
01028211
01028219
01028299
01028312
0102831e
01028392
01028399
01028414
0102841a
01028514
00002518
00800000
0102829b
01028312
0102831b
01028392
01028399
01028414
0102841b
00002522
00800000
0102829b
01028316
0102831a
01028394
01028399
01028414
0102841b
01028514
0000252c
00800000
01028199
01028215
01028219
0102829a
01028316
01028392
01028399
01028414
01028419
01028499
01028514
00002536
00800000
01028215
01028294
01028312
0102831a
01028414
01028499
01028514
00002541
00800000
01028211
01028219
0102829b
01028316
01028399
01028414
01028419
01028499
0000254b
00800000
01028219
01028316
0102831a
01028392
01028399
01028414
0102849a
00002555
00800000
01028214
01028219
01028294
0102829a
0102831a
01028396
01028399
01028414
01028419
01028494
0000255f
00800000
01028219
01028291
0102829b
01028312
0102831e
01028392
01028414
0102841e
00002569
00800000
01028211
0102829a
01028312
0102831a
01028396
01028399
01028414
0102841c
01028494
00002573
00800000
01028211
01028219
01028292
0102829b
01028316
0102831e
01028414
01028494
01028514
0000257e
00800000
01028211
01028219
01028294
0102829b
01028314
0102831a
01028396
01028399
01028414
0102841c
00002588
00800000
01028214
01028219
0102829a
01028314
01028399
01028414
0102841c
01028492
0102849a
00002592
00800000
0102829a
01028314
0102831a
01028396
01028399
01028414
0102841b
01028494
0000259c
00800000
0102819a
01028211
0102829b
01028316
0102831a
01028392
01028399
01028414
0102841a
0102849b
01028514
000025a6
00800000
01028114
01028219
01028295
0102829b
01028316
0102831a
01028392
01028399
01028414
01028419
01028499
000025b0
00800000
01028219
01028294
0102829b
01028312
0102831a
01028394
010283a1
01028414
0102841d
000025bb
00800000
01028219
0102829b
01028316
0102831e
01028399
01028414
000025c5
00800000
01028316
01028394
0102839d
01028414
01028491
000025cf
00800000
01028219
01028312
0102831b
01028392
01028399
01028419
01028499
000025d9
00800000
01028191
0102819a
01028215
01028219
01028299
01028314
0102831a
01028392
01028399
01028414
01028514
000025e3
00800000
01028114
01028219
01028291
01028314
01028396
01028399
01028414
0102841e
0102849a
01028514
000025ed
00800000
01028114
01028219
01028291
01028314
01028396
01028399
01028414
0102841a
0102849a
000025ee
00800000
01028219
0102829b
01028312
0102831a
01028414
0102841a
01028514
000025f8
00800000
0102829a
01028316
0102831a
01028392
01028414
01028419
01028494
00002602
00800000
01028219
01028291
0102829a
0102831c
01028399
01028414
01028494
01028499
01028514
0000260c
00800000
01028295
01028299
0102831a
01028392
01028399
01028414
0102841a
0102849a
01028514
00002616
00800000
01028219
01028292
0102829b
01028314
01028319
01028394
01028399
01028414
0102849a
00002620
00800000
0102819a
01028299
01028316
01028399
01028414
0102841a
0000262a
00800000
01028192
0102819a
01028299
01028316
01028399
01028414
0102841a
0000262b
00800000
01028296
0102829a
01028316
01028399
01028415
01028419
00002635
00800000
01028211
01028299
01028316
0102831a
01028392
0102839d
01028414
0102841b
01028494
01028499
01028514
0000263f
00800000
01028219
01028296
0102829b
01028316
01028393
01028399
01028414
0102841c
0102849a
01028514
00002649
00800000
01028219
01028294
0102829a
01028312
0102831e
01028394
01028399
01028414
0102841b
01028494
00002653
00800000
01028192
01028294
0102829b
01028312
0102831c
01028392
01028399
01028414
01028494
0000265d
00800000
01028214
01028292
0102829b
0102831e
01028394
01028399
01028414
0102841b
01028514
00002668
00800000
01028294
0102829b
01028312
0102831b
01028399
01028414
0102841c
0102849a
01028514
00002672
00800000
01028214
01028219
01028312
0102831a
01028399
01028414
0102841a
0000267c
00800000
01028196
01028214
01028292
0102829a
01028314
01028394
01028414
01028494
01028514
00002686
00800000
01028219
0102829a
01028312
0102831a
01028392
01028399
01028414
0102841b
0102849b
00002690
00800000
01028219
01028314
0102831a
01028394
01028399
01028414
0102841b
01028492
01028499
0000269a
00800000
01028114
01028214
01028219
01028294
0102829a
01028314
0102831a
01028396
0102839d
01028414
0102841b
01028494
01028499
000026a5
00800000
01028194
01028214
01028219
01028295
01028312
01028394
01028399
01028414
0102841a
000026af
00800000
01028219
01028294
0102829b
01028316
0102831a
01028394
01028399
01028414
01028419
01028499
000026b9
00800000
01028214
01028294
0102829a
01028314
0102831a
01028392
01028399
01028414
0102841d
01028491
0102849a
01028514
000026c3
00800000
01028194
01028211
01028316
01028399
01028414
01028419
000026cd
00800000
01028214
01028219
0102829b
01028316
0102831c
01028414
01028496
01028514
000026d7
00800000
01028219
01028294
0102829a
0102831a
01028394
01028399
01028414
0102841b
000026e2
00800000
01028192
01028219
0102829b
01028312
0102831c
01028392
01028399
01028414
01028419
01028514
000026ec
00800000
01028299
01028316
0102831a
01028392
01028399
01028414
0102841b
01028492
01028499
000026f6
00800000
0102819a
0102829b
0102831a
01028392
01028414
01028494
01028514
00002700
00800000
01028219
01028294
01028299
0102831e
01028392
01028399
01028414
01028514
