01028319
00000000
00800000
01028319
00000004
00800000
01028319
0000000e
00800000
01028319
00000018
00800000
01028319
00000022
00800000
01028319
0000002c
00800000
01028319
00000036
00800000
01028319
00000041
00800000
01028319
00000055
00800000
01028319
00000073
00800000
01028319
00000088
00800000
01028319
00000092
00800000
01028319
0000009c
00800000
01028319
000000a6
00800000
01028319
000000b0
00800000
01028319
000000b1
00800000
01028319
000000bb
00800000
01028319
000000cf
00800000
01028319
000000e3
00800000
01028319
00000102
00800000
01028319
0000010c
00800000
01028319
00000116
00800000
01028319
00000120
00800000
01028319
0000012b
00800000
01028319
00000135
00800000
01028319
00000149
00800000
01028319
00000153
00800000
01028319
0000015d
00800000
01028319
00000168
00800000
01028319
00000172
00800000
01028319
0000017c
00800000
01028319
00000186
00800000
01028319
0000019a
00800000
01028319
000001a5
00800000
01028319
000001af
00800000
01028319
000001b9
00800000
01028319
000001c3
00800000
01028319
000001cd
00800000
01028319
000001d7
00800000
01028319
000001e2
00800000
01028319
000001f6
00800000
01028319
00000200
00800000
01028319
0000020a
00800000
01028319
00000214
00800000
01028319
00000215
00800000
01028319
0000021f
00800000
01028319
00000229
00800000
01028319
00000233
00800000
01028319
0000023d
00800000
01028319
00000247
00800000
01028319
00000252
00800000
01028319
0000025c
00800000
01028319
00000266
00800000
01028319
00000270
00800000
01028319
00000284
00800000
01028319
00000299
00800000
01028319
000002a3
00800000
01028319
000002ad
00800000
01028319
000002b7
00800000
01028319
000002c1
00800000
01028319
000002d6
00800000
01028319
000002e0
00800000
01028319
000002ea
00800000
01028319
000002fe
00800000
01028319
00000309
00800000
01028319
00000313
00800000
01028319
0000031d
00800000
01028319
00000327
00800000
01028319
00000331
00800000
01028319
0000033b
00800000
01028319
00000346
00800000
01028319
00000364
00800000
01028319
0000036e
00800000
01028319
00000378
00800000
01028319
00000379
00800000
01028319
00000383
00800000
01028319
0000038d
00800000
01028319
00000397
00800000
01028319
000003a1
00800000
01028319
000003b6
00800000
01028319
000003ca
00800000
01028319
000003de
00800000
01028319
000003fd
00800000
01028319
00000407
00800000
01028319
00000411
00800000
01028319
0000041b
00800000
01028319
00000430
00800000
01028319
0000043a
00800000
01028319
00000444
00800000
01028319
0000044e
00800000
01028319
00000458
00800000
01028319
00000462
00800000
01028319
0000046d
00800000
01028319
00000477
00800000
01028319
00000481
00800000
01028319
0000048b
00800000
01028319
00000495
00800000
01028319
000004aa
00800000
01028319
000004b4
00800000
01028319
000004c8
00800000
01028319
000004dc
00800000
01028319
000004dd
00800000
01028319
000004f1
00800000
01028319
000004fb
00800000
01028319
00000505
00800000
01028319
00000524
00800000
01028319
00000538
00800000
01028319
0000054c
00800000
01028319
00000557
00800000
01028319
00000561
00800000
01028319
0000056b
00800000
01028319
0000057f
00800000
01028319
00000589
00800000
01028319
0000059e
00800000
01028319
000005a8
00800000
01028319
000005b2
00800000
01028319
000005bc
00800000
01028319
000005c6
00800000
01028319
000005d1
00800000
01028319
000005db
00800000
01028319
000005ef
00800000
01028319
000005f9
00800000
01028319
00000603
00800000
01028319
0000060e
00800000
01028319
00000618
00800000
01028319
00000622
00800000
01028319
0000062c
00800000
01028319
00000636
00800000
01028319
00000640
00800000
01028319
00000641
00800000
01028319
0000064b
00800000
01028319
00000655
00800000
01028319
0000065f
00800000
01028319
00000669
00800000
01028319
00000673
00800000
01028319
0000067d
00800000
01028319
0000067e
00800000
01028319
00000692
00800000
01028319
0000069c
00800000
01028319
000006a6
00800000
01028319
000006c5
00800000
01028319
000006cf
00800000
01028319
000006d9
00800000
01028319
000006e3
00800000
01028319
000006f8
00800000
01028319
00000702
00800000
01028319
0000070c
00800000
01028319
00000716
00800000
01028319
00000720
00800000
01028319
0000072a
00800000
01028319
00000735
00800000
01028319
0000073f
00800000
01028319
00000749
00800000
01028319
00000753
00800000
01028319
0000075d
00800000
01028319
00000772
00800000
01028319
0000077c
00800000
01028319
00000786
00800000
01028319
00000790
00800000
01028319
0000079a
00800000
01028319
000007a4
00800000
01028319
000007a5
00800000
01028319
000007af
00800000
01028319
000007b9
00800000
01028319
000007c3
00800000
01028319
000007cd
00800000
01028319
000007e1
00800000
01028319
000007e2
00800000
01028319
000007f6
00800000
01028319
00000800
00800000
01028319
0000080a
00800000
01028319
0000081f
00800000
01028319
00000833
00800000
01028319
0000083d
00800000
01028319
00000847
00800000
01028319
0000085c
00800000
01028319
00000866
00800000
01028319
00000870
00800000
01028319
0000087a
00800000
01028319
00000884
00800000
01028319
0000088e
00800000
01028319
000008b7
00800000
01028319
000008c1
00800000
01028319
000008cb
00800000
01028319
000008d6
00800000
01028319
000008ea
00800000
01028319
000008f4
00800000
01028319
000008fe
00800000
01028319
0000091d
00800000
01028319
00000927
00800000
01028319
00000931
00800000
01028319
0000093b
00800000
01028319
00000945
00800000
01028319
00000946
00800000
01028319
00000950
00800000
01028319
0000095a
00800000
01028319
00000964
00800000
01028319
0000096e
00800000
01028319
00000978
00800000
01028319
00000983
00800000
01028319
0000098d
00800000
01028319
00000997
00800000
01028319
000009a1
00800000
01028319
000009ab
00800000
01028319
000009b5
00800000
01028319
000009c0
00800000
01028319
000009d4
00800000
01028319
000009de
00800000
01028319
000009e8
00800000
01028319
000009f2
00800000
01028319
000009fd
00800000
01028319
00000a07
00800000
01028319
00000a11
00800000
01028319
00000a1b
00800000
01028319
00000a25
00800000
01028319
00000a2f
00800000
01028319
00000a3a
00800000
01028319
00000a44
00800000
01028319
00000a4e
00800000
01028319
00000a58
00800000
01028319
00000a62
00800000
01028319
00000a77
00800000
01028319
00000a8b
00800000
01028319
00000a95
00800000
01028319
00000a9f
00800000
01028319
00000ab4
00800000
01028319
00000abe
00800000
01028319
00000ac8
00800000
01028319
00000ad2
00800000
01028319
00000adc
00800000
01028319
00000ae7
00800000
01028319
00000af1
00800000
01028319
00000afb
00800000
01028319
00000b05
00800000
01028319
00000b19
00800000
01028319
00000b24
00800000
01028319
00000b2e
00800000
01028319
00000b38
00800000
01028319
00000b42
00800000
01028319
00000b56
00800000
01028319
00000b61
00800000
01028319
00000b6b
00800000
01028319
00000b75
00800000
01028319
00000b89
00800000
01028319
00000b9e
00800000
01028319
00000ba8
00800000
01028319
00000bb2
00800000
01028319
00000bbc
00800000
01028319
00000bc6
00800000
01028319
00000bd0
00800000
01028319
00000bd1
00800000
01028319
00000bdb
00800000
01028319
00000be5
00800000
01028319
00000bf9
00800000
01028319
00000c03
00800000
01028319
00000c0d
00800000
01028319
00000c0e
00800000
01028319
00000c18
00800000
01028319
00000c22
00800000
01028319
00000c2c
00800000
01028319
00000c36
00800000
01028319
00000c4b
00800000
01028319
00000c55
00800000
01028319
00000c5f
00800000
01028319
00000c69
00800000
01028319
00000c73
00800000
01028319
00000c7d
00800000
01028319
00000c88
00800000
01028319
00000c92
00800000
01028319
00000c9c
00800000
01028319
00000cc5
00800000
01028319
00000ccf
00800000
01028319
00000ced
00800000
01028319
00000cf7
00800000
01028319
00000d02
00800000
01028319
00000d0c
00800000
01028319
00000d20
00800000
01028319
00000d2a
00800000
01028319
00000d34
00800000
01028319
00000d35
00800000
01028319
00000d3f
00800000
01028319
00000d49
00800000
01028319
00000d53
00800000
01028319
00000d5d
00800000
01028319
00000d67
00800000
01028319
00000d90
00800000
01028319
00000d9a
00800000
01028319
00000da4
00800000
01028319
00000daf
00800000
01028319
00000db9
00800000
01028319
00000dcd
00800000
01028319
00000dd7
00800000
01028319
00000dec
00800000
01028319
00000e00
00800000
01028319
00000e0a
00800000
01028319
00000e14
00800000
01028319
00000e29
00800000
01028319
00000e33
00800000
01028319
00000e3d
00800000
01028319
00000e47
00800000
01028319
00000e5b
00800000
01028319
00000e70
00800000
01028319
00000e7a
00800000
01028319
00000e84
00800000
01028319
00000e8e
00800000
01028319
00000e98
00800000
01028319
00000e99
00800000
01028319
00000ea3
00800000
01028319
00000ead
00800000
01028319
00000eb7
00800000
01028319
00000ec1
00800000
01028319
00000ecb
00800000
01028319
00000ed5
00800000
01028319
00000ed6
00800000
01028319
00000ee0
00800000
01028319
00000eea
00800000
01028319
00000ef4
00800000
01028319
00000efe
00800000
01028319
00000f08
00800000
01028319
00000f13
00800000
01028319
00000f1d
00800000
01028319
00000f27
00800000
01028319
00000f3b
00800000
01028319
00000f45
00800000
01028319
00000f50
00800000
01028319
00000f5a
00800000
01028319
00000f64
00800000
01028319
00000f6e
00800000
01028319
00000f82
00800000
01028319
00000f8d
00800000
01028319
00000f97
00800000
01028319
00000fa1
00800000
01028319
00000fb5
00800000
01028319
00000fbf
00800000
01028319
00000fca
00800000
01028319
00000fd4
00800000
01028319
00000fde
00800000
01028319
00000ff2
00800000
01028319
00000ffc
00800000
01028319
00001011
00800000
01028319
0000101b
00800000
01028319
00001025
00800000
01028319
0000102f
00800000
01028319
00001039
00800000
01028319
0000103a
00800000
01028319
00001044
00800000
01028319
0000104e
00800000
01028319
00001058
00800000
01028319
00001062
00800000
01028319
0000106c
00800000
01028319
00001077
00800000
01028319
00001081
00800000
01028319
0000108b
00800000
01028319
00001095
00800000
01028319
0000109f
00800000
01028319
000010a9
00800000
01028319
000010b4
00800000
01028319
000010be
00800000
01028319
000010c8
00800000
01028319
000010e6
00800000
01028319
000010f1
00800000
01028319
000010fb
00800000
01028319
00001105
00800000
01028319
00001119
00800000
01028319
00001123
00800000
01028319
0000112e
00800000
01028319
00001138
00800000
01028319
00001142
00800000
01028319
0000114c
00800000
01028319
00001156
00800000
01028319
0000116b
00800000
01028319
00001175
00800000
01028319
0000117f
00800000
01028319
00001189
00800000
01028319
00001193
00800000
01028319
0000119d
00800000
01028319
0000119e
00800000
01028319
000011b2
00800000
01028319
000011bc
00800000
01028319
000011c6
00800000
01028319
000011d0
00800000
01028319
000011db
00800000
01028319
000011e5
00800000
01028319
000011ef
00800000
01028319
00001203
00800000
01028319
0000120d
00800000
01028319
00001218
00800000
01028319
0000122c
00800000
01028319
00001240
00800000
01028319
0000124a
00800000
01028319
00001255
00800000
01028319
0000125f
00800000
01028319
00001269
00800000
01028319
00001273
00800000
01028319
0000127d
00800000
01028319
00001287
00800000
01028319
00001292
00800000
01028319
000012a6
00800000
01028319
000012b0
00800000
01028319
000012ba
00800000
01028319
000012c4
00800000
01028319
000012cf
00800000
01028319
000012d9
00800000
01028319
000012e3
00800000
01028319
000012ed
00800000
01028319
000012f7
00800000
01028319
00001301
00800000
01028319
00001302
00800000
01028319
0000130c
00800000
01028319
00001316
00800000
01028319
00001320
00800000
01028319
00001334
00800000
01028319
0000133f
00800000
01028319
00001349
00800000
01028319
00001353
00800000
01028319
0000135d
00800000
01028319
00001367
00800000
01028319
00001371
00800000
01028319
00001386
00800000
01028319
00001390
00800000
01028319
0000139a
00800000
01028319
000013ae
00800000
01028319
000013b9
00800000
01028319
000013c3
00800000
01028319
000013cd
00800000
01028319
000013d7
00800000
01028319
000013e1
00800000
01028319
000013eb
00800000
01028319
000013f6
00800000
01028319
00001400
00800000
01028319
0000140a
00800000
01028319
00001414
00800000
01028319
0000141e
00800000
01028319
00001428
00800000
01028319
00001433
00800000
01028319
00001447
00800000
01028319
00001451
00800000
01028319
0000145b
00800000
01028319
00001465
00800000
01028319
00001466
00800000
01028319
00001470
00800000
01028319
0000148e
00800000
01028319
00001498
00800000
01028319
000014a3
00800000
01028319
000014ad
00800000
01028319
000014c1
00800000
01028319
000014cb
00800000
01028319
000014d5
00800000
01028319
000014e0
00800000
01028319
000014ea
00800000
01028319
000014f4
00800000
01028319
000014fe
00800000
01028319
00001512
00800000
01028319
0000151d
00800000
01028319
00001531
00800000
01028319
0000153b
00800000
01028319
0000154f
00800000
01028319
0000155a
00800000
01028319
00001578
00800000
01028319
00001582
00800000
01028319
0000158c
00800000
01028319
00001597
00800000
01028319
000015a1
00800000
01028319
000015ab
00800000
01028319
000015bf
00800000
01028319
000015c9
00800000
01028319
000015ca
00800000
01028319
000015d4
00800000
01028319
000015e8
00800000
01028319
000015fc
00800000
01028319
00001607
00800000
01028319
00001625
00800000
01028319
0000162f
00800000
01028319
00001639
00800000
01028319
00001644
00800000
01028319
0000164e
00800000
01028319
00001658
00800000
01028319
0000166c
00800000
01028319
00001676
00800000
01028319
00001681
00800000
01028319
0000168b
00800000
01028319
0000169f
00800000
01028319
000016a9
00800000
01028319
000016b3
00800000
01028319
000016be
00800000
01028319
000016c8
00800000
01028319
000016d2
00800000
01028319
000016dc
00800000
01028319
000016e6
00800000
01028319
000016f0
00800000
01028319
000016fb
00800000
01028319
00001705
00800000
01028319
0000170f
00800000
01028319
00001719
00800000
01028319
00001723
00800000
01028319
0000172d
00800000
01028319
0000172e
00800000
01028319
00001738
00800000
01028319
00001742
00800000
01028319
0000174c
00800000
01028319
00001756
00800000
01028319
00001760
00800000
01028319
0000176b
00800000
01028319
00001775
00800000
01028319
0000177f
00800000
01028319
00001793
00800000
01028319
0000179d
00800000
01028319
000017a8
00800000
01028319
000017b2
00800000
01028319
000017bc
00800000
01028319
000017c6
00800000
01028319
000017d0
00800000
01028319
000017da
00800000
01028319
000017e5
00800000
01028319
000017ef
00800000
01028319
000017f9
00800000
01028319
00001803
00800000
01028319
0000180d
00800000
01028319
00001817
00800000
01028319
00001840
00800000
01028319
0000184a
00800000
01028319
00001854
00800000
01028319
0000185f
00800000
01028319
00001869
00800000
01028319
0000187d
00800000
01028319
00001891
00800000
01028319
00001892
00800000
01028319
0000189c
00800000
01028319
000018b0
00800000
01028319
000018ba
00800000
01028319
000018c4
00800000
01028319
000018ce
00800000
01028319
000018cf
00800000
01028319
000018d9
00800000
01028319
000018ed
00800000
01028319
000018f7
00800000
01028319
00001901
00800000
01028319
0000190c
00800000
01028319
00001916
00800000
01028319
0000192a
00800000
01028319
00001934
00800000
01028319
0000193e
00800000
01028319
00001949
00800000
01028319
0000195d
00800000
01028319
00001967
00800000
01028319
00001971
00800000
01028319
0000197b
00800000
01028319
00001986
00800000
01028319
00001990
00800000
01028319
000019a4
00800000
01028319
000019ae
00800000
01028319
000019b8
00800000
01028319
000019c3
00800000
01028319
000019d7
00800000
01028319
000019e1
00800000
01028319
000019eb
00800000
01028319
000019f5
00800000
01028319
00001a00
00800000
01028319
00001a14
00800000
01028319
00001a1e
00800000
01028319
00001a32
00800000
01028319
00001a33
00800000
01028319
00001a47
00800000
01028319
00001a51
00800000
01028319
00001a5b
00800000
01028319
00001a65
00800000
01028319
00001a70
00800000
01028319
00001a7a
00800000
01028319
00001a8e
00800000
01028319
00001ab7
00800000
01028319
00001ac1
00800000
01028319
00001ad5
00800000
01028319
00001adf
00800000
01028319
00001aea
00800000
01028319
00001af4
00800000
01028319
00001b08
00800000
01028319
00001b1c
00800000
01028319
00001b27
00800000
01028319
00001b31
00800000
01028319
00001b3b
00800000
01028319
00001b45
00800000
01028319
00001b4f
00800000
01028319
00001b59
00800000
01028319
00001b5a
00800000
01028319
00001b64
00800000
01028319
00001b6e
00800000
01028319
00001b78
00800000
01028319
00001b82
00800000
01028319
00001b8c
00800000
01028319
00001ba1
00800000
01028319
00001bab
00800000
01028319
00001bb5
00800000
01028319
00001bbf
00800000
01028319
00001bc9
00800000
01028319
00001bd4
00800000
01028319
00001bde
00800000
01028319
00001be8
00800000
01028319
00001bf2
00800000
01028319
00001bfc
00800000
01028319
00001c06
00800000
01028319
00001c11
00800000
01028319
00001c1b
00800000
01028319
00001c25
00800000
01028319
00001c2f
00800000
01028319
00001c39
00800000
01028319
00001c43
00800000
01028319
00001c4e
00800000
01028319
00001c58
00800000
01028319
00001c6c
00800000
01028319
00001c76
00800000
01028319
00001c80
00800000
01028319
00001c8b
00800000
01028319
00001c95
00800000
01028319
00001ca9
00800000
01028319
00001cb3
00800000
01028319
00001cbd
00800000
01028319
00001cbe
00800000
01028319
00001cc8
00800000
01028319
00001cd2
00800000
01028319
00001cdc
00800000
01028319
00001ce6
00800000
01028319
00001d05
00800000
01028319
00001d0f
00800000
01028319
00001d19
00800000
01028319
00001d2d
00800000
01028319
00001d38
00800000
01028319
00001d42
00800000
01028319
00001d4c
00800000
01028319
00001d56
00800000
01028319
00001d6a
00800000
01028319
00001d75
00800000
01028319
00001d7f
00800000
01028319
00001d89
00800000
01028319
00001d93
00800000
01028319
00001d9d
00800000
01028319
00001dbc
00800000
01028319
00001dc6
00800000
01028319
00001dd0
00800000
01028319
00001de4
00800000
01028319
00001def
00800000
01028319
00001df9
00800000
01028319
00001e03
00800000
01028319
00001e0d
00800000
01028319
00001e17
00800000
01028319
00001e21
00800000
01028319
00001e22
00800000
01028319
00001e2c
00800000
01028319
00001e36
00800000
01028319
00001e4a
00800000
01028319
00001e54
00800000
01028319
00001e5e
00800000
01028319
00001e5f
00800000
01028319
00001e69
00800000
01028319
00001e7d
00800000
01028319
00001e9c
00800000
01028319
00001eb0
00800000
01028319
00001eba
00800000
01028319
00001ec4
00800000
01028319
00001ece
00800000
01028319
00001ee3
00800000
01028319
00001ef7
00800000
01028319
00001f01
00800000
01028319
00001f0b
00800000
01028319
00001f16
00800000
01028319
00001f20
00800000
01028319
00001f2a
00800000
01028319
00001f34
00800000
01028319
00001f3e
00800000
01028319
00001f48
00800000
01028319
00001f53
00800000
01028319
00001f5d
00800000
01028319
00001f67
00800000
01028319
00001f7b
00800000
01028319
00001f85
00800000
01028319
00001f86
00800000
01028319
00001f90
00800000
01028319
00001f9a
00800000
01028319
00001fa4
00800000
01028319
00001fb8
00800000
01028319
00001fcd
00800000
01028319
00001fd7
00800000
01028319
00001fe1
00800000
01028319
00001feb
00800000
01028319
00001ff5
00800000
01028319
00002000
00800000
01028319
0000200a
00800000
01028319
00002014
00800000
01028319
0000201e
00800000
01028319
00002028
00800000
01028319
00002032
00800000
01028319
0000203d
00800000
01028319
00002047
00800000
01028319
0000205b
00800000
01028319
00002065
00800000
01028319
0000206f
00800000
01028319
00002084
00800000
01028319
0000208e
00800000
01028319
00002098
00800000
01028319
000020ac
00800000
01028319
000020b7
00800000
01028319
000020c1
00800000
01028319
000020cb
00800000
01028319
000020d5
00800000
01028319
000020df
00800000
01028319
000020e9
00800000
01028319
000020ea
00800000
01028319
000020f4
00800000
01028319
000020fe
00800000
01028319
00002108
00800000
01028319
0000211c
00800000
01028319
00002126
00800000
01028319
00002127
00800000
01028319
00002131
00800000
01028319
0000213b
00800000
01028319
00002145
00800000
01028319
0000214f
00800000
01028319
00002159
00800000
01028319
00002164
00800000
01028319
0000216e
00800000
01028319
00002178
00800000
01028319
0000218c
00800000
01028319
00002196
00800000
01028319
000021ab
00800000
01028319
000021bf
00800000
01028319
000021c9
00800000
01028319
000021d3
00800000
01028319
000021de
00800000
01028319
000021e8
00800000
01028319
000021f2
00800000
01028319
000021fc
00800000
01028319
00002206
00800000
01028319
00002210
00800000
01028319
0000221b
00800000
01028319
00002225
00800000
01028319
0000222f
00800000
01028319
00002239
00800000
01028319
00002243
00800000
01028319
00002258
00800000
01028319
00002262
00800000
01028319
0000226c
00800000
01028319
00002276
00800000
01028319
00002280
00800000
01028319
00002295
00800000
01028319
0000229f
00800000
01028319
000022a9
00800000
01028319
000022b3
00800000
01028319
000022bd
00800000
01028319
000022c8
00800000
01028319
000022d2
00800000
01028319
000022dc
00800000
01028319
000022e6
00800000
01028319
000022fa
00800000
01028319
00002305
00800000
01028319
0000230f
00800000
01028319
00002323
00800000
01028319
0000232d
00800000
01028319
00002337
00800000
01028319
00002356
00800000
01028319
00002360
00800000
01028319
0000236a
00800000
01028319
00002374
00800000
01028319
00002393
00800000
01028319
0000239d
00800000
01028319
000023bc
00800000
01028319
000023c6
00800000
01028319
000023e4
00800000
01028319
000023f9
00800000
01028319
00002403
00800000
01028319
0000240d
00800000
01028319
00002417
00800000
01028319
00002440
00800000
01028319
0000244a
00800000
01028319
00002454
00800000
01028319
0000245e
00800000
01028319
00002473
00800000
01028319
00002487
00800000
01028319
00002491
00800000
01028319
000024a6
00800000
01028319
000024ba
00800000
01028319
000024ce
00800000
01028319
000024d8
00800000
01028319
000024ed
00800000
01028319
00002501
00800000
01028319
0000250b
00800000
01028319
00002515
00800000
01028319
00002520
00800000
01028319
0000252a
00800000
01028319
00002534
00800000
01028319
00002552
00800000
01028319
00002553
00800000
01028319
0000255d
00800000
01028319
00002567
00800000
01028319
00002571
00800000
01028319
0000257b
00800000
01028319
00002590
00800000
01028319
0000259a
00800000
01028319
000025a4
00800000
01028319
000025ae
00800000
01028319
000025c2
00800000
01028319
000025cd
00800000
01028319
000025e1
00800000
01028319
000025eb
00800000
01028319
000025f5
00800000
01028319
000025ff
00800000
01028319
0000260a
00800000
01028319
00002614
00800000
01028319
0000261e
00800000
01028319
00002628
00800000
01028319
00002632
00800000
01028319
0000263c
00800000
01028319
0000265b
00800000
01028319
0000266f
00800000
01028319
00002679
00800000
01028319
0000267a
00800000
01028319
0000268e
00800000
01028319
00002698
00800000
01028319
000026a2
00800000
01028319
000026b6
00800000
01028319
000026b7
00800000
01028319
000026c1
00800000
01028319
000026cb
00800000
01028319
000026d5
00800000
01028319
000026e9
00800000
01028319
000026fe
00800000
01028319
