01028115
0102811a
01028193
0102819a
01028215
01028219
01028297
0102829b
01028316
0102831f
01028397
0102839d
01028414
0102841f
0102848c
01028497
0102849b
01028514
00000000
00800000
01028414
00000027
00800000
01028414
00000046
00800000
01028414
000000ca
00800000
01028399
00000107
00800000
01028399
0000029e
00800000
01028414
000002b2
00800000
01028414
000002c6
00800000
01028414
00000303
00800000
01028414
000003e3
00800000
01028414
000004d7
00800000
01028399
00000514
00800000
01028399
0000063b
00800000
01028414
0000065a
00800000
01028414
00000678
00800000
01028414
000007dc
00800000
01028399
00000805
00800000
01028399
0000087f
00800000
01028414
00000903
00800000
01028414
000009ba
00800000
01028414
000009e3
00800000
01028514
00000a53
00800000
01028414
00000a90
00800000
01028414
00000b98
00800000
01028399
00000c45
00800000
01028414
00000cbf
00800000
01028211
00000d39
00800000
01028414
00000d8b
00800000
01028414
00000e05
00800000
01028414
00000e42
00800000
01028414
00000e6b
00800000
0102829a
00001086
00800000
01028414
0000115b
00800000
01028314
00001184
00800000
01028414
00001456
00800000
01028414
000015ce
00800000
01028399
00001690
00800000
01028399
0000169a
00800000
01028414
00001732
00800000
01028414
000017f4
00800000
01028414
00001859
00800000
01028414
0000188c
00800000
01028414
000018a1
00800000
01028414
000018de
00800000
01028414
000018fc
00800000
01028414
00001910
00800000
01028399
0000191b
00800000
01028414
00001962
00800000
01028414
0000196c
00800000
01028414
0000198b
00800000
01028414
000019fa
00800000
01028414
00001ab1
00800000
01028414
00001ab2
00800000
01028414
00001c20
00800000
0102848c
00001d65
00800000
01028312
00001f4d
00800000
01028414
000020da
00800000
01028399
0000212b
00800000
0102829a
00002154
00800000
01028219
0000227b
00800000
01028414
00002314
00800000
01028414
00002332
00800000
01028414
0000238e
00800000
01028414
00002430
00800000
01028414
0000243b
00800000
01028414
000024dd
00800000
01028399
00002576
00800000
01028414
