01028319
00000000
00800000
01028319
00000011
00800000
01028319
00000025
00800000
01028319
00000058
00800000
01028319
0000009f
00800000
01028319
000000b4
00800000
01028319
000000c8
00800000
01028319
000000e7
00800000
01028319
0000010f
00800000
01028319
00000124
00800000
01028319
0000012e
00800000
01028319
00000142
00800000
01028319
00000161
00800000
01028319
0000016b
00800000
01028319
00000189
00800000
01028319
00000194
00800000
01028319
000001a8
00800000
01028319
000001b2
00800000
01028319
000001c6
00800000
01028319
00000203
00800000
01028319
0000022c
00800000
01028319
0000024b
00800000
01028319
00000255
00800000
01028319
0000027d
00800000
01028319
0000027e
00800000
01028319
0000029c
00800000
01028319
000002c5
00800000
01028319
000002cf
00800000
01028319
000002d9
00800000
01028319
000002ed
00800000
01028319
000002f8
00800000
01028319
0000030c
00800000
01028319
00000316
00800000
01028319
00000335
00800000
01028319
0000033f
00800000
01028319
00000353
00800000
01028319
0000035d
00800000
01028319
00000390
00800000
01028319
0000039a
00800000
01028319
000003a4
00800000
01028319
000003a5
00800000
01028319
0000040a
00800000
01028319
0000041f
00800000
01028319
0000043d
00800000
01028319
0000045c
00800000
01028319
00000466
00800000
01028319
0000048e
00800000
01028319
000004a3
00800000
01028319
000004b7
00800000
01028319
000004cb
00800000
01028319
000004e0
00800000
01028319
000004f4
00800000
01028319
00000508
00800000
01028319
00000545
00800000
01028319
00000546
00800000
01028319
0000055a
00800000
01028319
00000564
00800000
01028319
0000058d
00800000
01028319
000005de
00800000
01028319
000005e8
00800000
01028319
000005f2
00800000
01028319
00000607
00800000
01028319
00000611
00800000
01028319
0000061b
00800000
01028319
0000062f
00800000
01028319
0000063a
00800000
01028319
0000064e
00800000
01028319
00000658
00800000
01028319
00000681
00800000
01028319
000006be
00800000
01028319
000006c8
00800000
01028319
000006f1
00800000
01028319
00000742
00800000
01028319
0000074c
00800000
01028319
00000789
00800000
01028319
00000793
00800000
01028319
000007c6
00800000
01028319
000007db
00800000
01028319
000007ef
00800000
01028319
0000080d
00800000
01028319
0000080e
00800000
01028319
00000822
00800000
01028319
0000084b
00800000
01028319
00000873
00800000
01028319
0000087d
00800000
01028319
0000089c
00800000
01028319
000008ba
00800000
01028319
000008c5
00800000
01028319
000008cf
00800000
01028319
000008d9
00800000
01028319
00000902
00800000
01028319
0000090c
00800000
01028319
00000916
00800000
01028319
0000092a
00800000
01028319
00000953
00800000
01028319
00000971
00800000
01028319
00000972
00800000
01028319
00000990
00800000
01028319
000009a4
00800000
01028319
000009cd
00800000
01028319
000009d7
00800000
01028319
000009f6
00800000
01028319
00000a14
00800000
01028319
00000a33
00800000
01028319
00000a51
00800000
01028319
00000a66
00800000
01028319
00000a8e
00800000
01028319
00000ab7
00800000
01028319
00000af4
00800000
01028319
00000b08
00800000
01028319
00000b13
00800000
01028319
00000b1d
00800000
01028319
00000b31
00800000
01028319
00000b3b
00800000
01028319
00000b64
00800000
01028319
00000b6e
00800000
01028319
00000bb5
00800000
01028319
00000bca
00800000
01028319
00000be8
00800000
01028319
00000c1b
00800000
01028319
00000c25
00800000
01028319
00000c39
00800000
01028319
00000c3a
00800000
01028319
00000c44
00800000
01028319
00000c4e
00800000
01028319
00000c62
00800000
01028319
00000c6c
00800000
01028319
00000c77
00800000
01028319
00000c8b
00800000
01028319
00000c95
00800000
01028319
00000cb4
00800000
01028319
00000cd2
00800000
01028319
00000cf1
00800000
01028319
00000cfb
00800000
01028319
00000d0f
00800000
01028319
00000d23
00800000
01028319
00000d38
00800000
01028319
00000d4c
00800000
01028319
00000d60
00800000
01028319
00000d6b
00800000
01028319
00000d7f
00800000
01028319
00000d93
00800000
01028319
00000d9d
00800000
01028319
00000d9e
00800000
01028319
00000da8
00800000
01028319
00000dbc
00800000
01028319
00000dd0
00800000
01028319
00000ddb
00800000
01028319
00000def
00800000
01028319
00000df9
00800000
01028319
00000e03
00800000
01028319
00000e0d
00800000
01028319
00000e18
00800000
01028319
00000e36
00800000
01028319
00000e40
00800000
01028319
00000e5f
00800000
01028319
00000e87
00800000
01028319
00000e92
00800000
01028319
00000ec4
00800000
01028319
00000ed9
00800000
01028319
00000eed
00800000
01028319
00000f01
00800000
01028319
00000f02
00800000
01028319
00000f16
00800000
01028319
00000f20
00800000
01028319
00000f34
00800000
01028319
00000f3f
00800000
01028319
00000f71
00800000
01028319
00000fc3
00800000
01028319
00000fcd
00800000
01028319
00000fe1
00800000
01028319
00000feb
00800000
01028319
00001000
00800000
01028319
0000100a
00800000
01028319
00001028
00800000
01028319
00001033
00800000
01028319
0000103d
00800000
01028319
00001047
00800000
01028319
00001051
00800000
01028319
00001070
00800000
01028319
00001084
00800000
01028319
0000108e
00800000
01028319
000010ad
00800000
01028319
000010b7
00800000
01028319
000010f4
00800000
01028319
000010fe
00800000
01028319
00001108
00800000
01028319
00001131
00800000
01028319
0000115a
00800000
01028319
00001178
00800000
01028319
0000118c
00800000
01028319
000011ab
00800000
01028319
000011bf
00800000
01028319
000011d4
00800000
01028319
000011de
00800000
01028319
000011e8
00800000
01028319
000011f2
00800000
01028319
000011fc
00800000
01028319
0000121b
00800000
01028319
00001225
00800000
01028319
00001244
00800000
01028319
0000126c
00800000
01028319
00001276
00800000
01028319
00001281
00800000
01028319
0000128b
00800000
01028319
0000129f
00800000
01028319
000012a9
00800000
01028319
000012be
00800000
01028319
000012d2
00800000
01028319
000012e6
00800000
01028319
000012fb
00800000
01028319
0000130f
00800000
01028319
00001319
00800000
01028319
00001323
00800000
01028319
0000132d
00800000
01028319
0000132e
00800000
01028319
00001342
00800000
01028319
00001360
00800000
01028319
00001375
00800000
01028319
0000137f
00800000
01028319
00001393
00800000
01028319
000013c6
00800000
01028319
000013d0
00800000
01028319
000013da
00800000
01028319
000013f9
00800000
01028319
00001403
00800000
01028319
00001422
00800000
01028319
0000142c
00800000
01028319
00001454
00800000
01028319
00001469
00800000
01028319
00001473
00800000
01028319
00001491
00800000
01028319
00001492
00800000
01028319
0000149c
00800000
01028319
000014b0
00800000
01028319
000014ba
00800000
01028319
000014ce
00800000
01028319
000014cf
00800000
01028319
000014d9
00800000
01028319
000014e3
00800000
01028319
0000150c
00800000
01028319
0000152a
00800000
01028319
00001534
00800000
01028319
00001571
00800000
01028319
0000157b
00800000
01028319
0000159a
00800000
01028319
000015a4
00800000
01028319
000015b8
00800000
01028319
00001614
00800000
01028319
00001628
00800000
01028319
0000165b
00800000
01028319
00001665
00800000
01028319
00001670
00800000
01028319
00001684
00800000
01028319
00001698
00800000
01028319
000016a2
00800000
01028319
000016ad
00800000
01028319
000016d5
00800000
01028319
000016df
00800000
01028319
000016f4
00800000
01028319
00001708
00800000
01028319
00001727
00800000
01028319
00001759
00800000
01028319
0000175a
00800000
01028319
00001764
00800000
01028319
0000176e
00800000
01028319
00001778
00800000
01028319
00001796
00800000
01028319
00001797
00800000
01028319
000017a1
00800000
01028319
000017ab
00800000
01028319
000017b5
00800000
01028319
000017d4
00800000
01028319
000017de
00800000
01028319
000017e8
00800000
01028319
00001811
00800000
01028319
0000181b
00800000
01028319
00001825
00800000
01028319
0000182f
00800000
01028319
00001843
00800000
01028319
0000186c
00800000
01028319
00001876
00800000
01028319
00001880
00800000
01028319
000018b3
00800000
01028319
000018c8
00800000
01028319
0000190f
00800000
01028319
00001919
00800000
01028319
0000192d
00800000
01028319
00001938
00800000
01028319
0000194c
00800000
01028319
00001956
00800000
01028319
0000196a
00800000
01028319
00001975
00800000
01028319
00001993
00800000
01028319
0000199d
00800000
01028319
000019bc
00800000
01028319
000019d0
00800000
01028319
000019e4
00800000
01028319
000019ef
00800000
01028319
00001a0d
00800000
01028319
00001a2c
00800000
01028319
00001a54
00800000
01028319
00001a5f
00800000
01028319
00001a7d
00800000
01028319
00001a87
00800000
01028319
00001ab0
00800000
01028319
00001ae3
00800000
01028319
00001aed
00800000
01028319
00001af7
00800000
01028319
00001b0b
00800000
01028319
00001b20
00800000
01028319
00001b2a
00800000
01028319
00001b48
00800000
01028319
00001b5d
00800000
01028319
00001b7b
00800000
01028319
00001b85
00800000
01028319
00001b86
00800000
01028319
00001ba4
00800000
01028319
00001bc2
00800000
01028319
00001bc3
00800000
01028319
00001c3d
00800000
01028319
00001c51
00800000
01028319
00001c5b
00800000
01028319
00001c7a
00800000
01028319
00001c98
00800000
01028319
00001cc1
00800000
01028319
00001ccb
00800000
01028319
00001ce9
00800000
01028319
00001d12
00800000
01028319
00001d26
00800000
01028319
00001d27
00800000
01028319
00001d31
00800000
01028319
00001d3b
00800000
01028319
00001d4f
00800000
01028319
00001d78
00800000
01028319
00001d8c
00800000
01028319
00001da1
00800000
01028319
00001db5
00800000
01028319
00001dc9
00800000
01028319
00001dd3
00800000
01028319
00001dfc
00800000
01028319
00001e06
00800000
01028319
00001e1b
00800000
01028319
00001e6c
00800000
01028319
00001e76
00800000
01028319
00001e95
00800000
01028319
00001e9f
00800000
01028319
00001ed2
00800000
01028319
00001ee6
00800000
01028319
00001f19
00800000
01028319
00001f23
00800000
01028319
00001f37
00800000
01028319
00001f42
00800000
01028319
00001f4c
00800000
01028319
00001f7f
00800000
01028319
00001f9d
00800000
01028319
00001fbc
00800000
01028319
00001fd0
00800000
01028319
00001fee
00800000
01028319
00001fef
00800000
01028319
00002003
00800000
01028319
0000202c
00800000
01028319
00002036
00800000
01028319
00002040
00800000
01028319
0000204a
00800000
01028319
00002054
00800000
01028319
00002069
00800000
01028319
00002087
00800000
01028319
000020b0
00800000
01028319
000020ba
00800000
01028319
000020c4
00800000
01028319
000020e3
00800000
01028319
000020ed
00800000
01028319
00002167
00800000
01028319
00002171
00800000
01028319
0000217b
00800000
01028319
00002190
00800000
01028319
0000219a
00800000
01028319
000021b8
00800000
01028319
000021c2
00800000
01028319
000021d7
00800000
01028319
000021ff
00800000
01028319
0000220a
00800000
01028319
0000221e
00800000
01028319
00002228
00800000
01028319
0000223c
00800000
01028319
00002251
00800000
01028319
0000225b
00800000
01028319
00002265
00800000
01028319
000022ac
00800000
01028319
000022b6
00800000
01028319
000022b7
00800000
01028319
000022cb
00800000
01028319
000022df
00800000
01028319
000022e9
00800000
01028319
000022f4
00800000
01028319
00002308
00800000
01028319
00002312
00800000
01028319
00002326
00800000
01028319
0000234f
00800000
01028319
00002359
00800000
01028319
00002382
00800000
01028319
00002396
00800000
01028319
000023ab
00800000
01028319
000023b5
00800000
01028319
000023dd
00800000
01028319
000023fc
00800000
01028319
00002443
00800000
01028319
00002458
00800000
01028319
00002476
00800000
01028319
00002480
00800000
01028319
0000248a
00800000
01028319
000024b3
00800000
01028319
000024bd
00800000
01028319
000024dc
00800000
01028319
000024e6
00800000
01028319
000024fa
00800000
01028319
00002519
00800000
01028319
0000257e
00800000
01028319
0000257f
00800000
01028319
00002593
00800000
01028319
000025bc
00800000
01028319
000025e4
00800000
01028319
00002603
00800000
01028319
00002617
00800000
01028319
00002621
00800000
01028319
00002636
00800000
01028319
00002640
00800000
01028319
0000264a
00800000
01028319
00002654
00800000
01028319
0000265e
00800000
01028319
00002668
00800000
01028319
00002673
00800000
01028319
0000267d
00800000
01028319
00002687
00800000
01028319
000026a5
00800000
01028319
000026ba
00800000
01028319
000026ce
00800000
01028319
