01028399
01028414
0102841b
01028499
00000000
00800000
01028399
01028419
01028499
00000005
00800000
01028419
0000000f
00800000
01028399
01028419
01028499
00000019
00800000
01028419
01028499
0000001a
00800000
01028399
01028419
00000024
00800000
01028419
01028499
0000002e
00800000
01028419
01028499
00000038
00800000
01028419
00000042
00800000
01028399
01028419
0000004c
00800000
01028419
01028499
00000056
00800000
01028419
00000057
00800000
01028419
01028499
00000061
00800000
01028419
0000006b
00800000
01028419
01028499
00000075
00800000
01028399
01028419
0000007f
00800000
01028399
01028419
00000089
00800000
01028419
00000093
00800000
01028399
01028419
01028499
00000094
00800000
01028399
01028419
01028499
0000009e
00800000
01028419
01028499
000000a8
00800000
01028419
01028499
000000b2
00800000
01028419
01028499
000000bc
00800000
01028419
01028499
000000c6
00800000
01028419
01028499
000000d1
00800000
01028419
000000db
00800000
01028419
01028499
000000e5
00800000
01028419
01028499
000000ef
00800000
01028399
01028419
000000f9
00800000
01028419
00000103
00800000
01028399
01028419
01028499
0000010e
00800000
01028419
01028499
00000118
00800000
01028419
00000122
00800000
01028399
01028419
0000012c
00800000
01028419
01028499
00000136
00800000
01028419
01028499
00000140
00800000
01028399
01028419
01028499
0000014b
00800000
01028419
00000155
00800000
01028399
01028419
0000015f
00800000
01028419
01028499
00000169
00800000
01028419
01028499
00000173
00800000
01028419
01028499
0000017d
00800000
01028419
00000188
00800000
01028419
00000192
00800000
01028419
01028499
0000019c
00800000
01028419
01028499
000001a6
00800000
01028399
01028419
01028499
000001b0
00800000
01028399
01028419
000001ba
00800000
01028399
01028419
000001bb
00800000
01028399
01028419
01028499
000001c5
00800000
01028419
000001cf
00800000
01028419
01028499
000001d9
00800000
01028419
01028499
000001e3
00800000
01028419
01028499
000001ed
00800000
01028419
000001f7
00800000
01028419
01028499
000001f8
00800000
01028399
01028419
01028499
00000202
00800000
01028419
0000020c
00800000
01028419
00000216
00800000
01028399
01028419
00000220
00800000
01028399
01028419
01028499
0000022a
00800000
01028419
00000235
00800000
01028419
0000023f
00800000
01028419
01028499
00000249
00800000
01028419
01028499
00000253
00800000
01028419
0000025d
00800000
01028399
01028419
00000267
00800000
01028419
01028499
00000272
00800000
01028419
0000027c
00800000
01028419
01028499
00000286
00800000
01028399
01028419
01028499
00000290
00800000
01028419
01028499
0000029a
00800000
01028419
01028499
000002a4
00800000
01028399
01028419
000002af
00800000
01028419
000002b9
00800000
01028419
000002c3
00800000
01028399
01028419
01028499
000002cd
00800000
01028399
01028419
01028499
000002d7
00800000
01028419
01028499
000002e1
00800000
01028419
000002e2
00800000
01028419
01028499
000002ec
00800000
01028399
01028419
01028499
000002f6
00800000
01028419
01028499
00000300
00800000
01028419
0000030a
00800000
01028419
01028499
00000314
00800000
01028419
0000031e
00800000
01028419
0000031f
00800000
01028399
01028419
01028499
00000329
00800000
01028419
01028499
00000333
00800000
01028399
01028419
01028499
0000033d
00800000
01028399
01028419
01028499
00000347
00800000
01028419
01028499
00000351
00800000
01028419
0000035b
00800000
01028419
01028499
0000035c
00800000
01028419
00000366
00800000
01028419
01028499
00000370
00800000
01028419
0000037a
00800000
01028419
01028499
00000384
00800000
01028419
0000038e
00800000
01028419
01028499
00000399
00800000
01028419
000003a3
00800000
01028419
000003ad
00800000
01028419
01028499
000003b7
00800000
01028399
01028419
000003c1
00800000
01028419
01028499
000003cb
00800000
01028419
000003d6
00800000
01028419
000003e0
00800000
01028419
000003ea
00800000
01028419
01028499
000003f4
00800000
01028419
000003fe
00800000
01028419
01028499
00000408
00800000
01028399
01028419
01028499
00000413
00800000
01028419
0000041d
00800000
01028419
00000427
00800000
01028419
01028499
00000431
00800000
01028399
01028419
0000043b
00800000
01028419
01028499
00000445
00800000
01028399
01028419
01028499
00000450
00800000
01028419
01028499
0000045a
00800000
01028419
00000464
00800000
01028419
01028499
0000046e
00800000
01028399
01028419
01028499
00000478
00800000
01028419
01028499
00000482
00800000
01028419
01028499
00000483
00800000
01028419
01028499
0000048d
00800000
01028419
00000497
00800000
01028399
01028419
000004a1
00800000
01028419
01028499
000004ab
00800000
01028419
01028499
000004b5
00800000
01028419
01028499
000004bf
00800000
01028399
01028419
01028499
000004c0
00800000
01028399
01028419
000004ca
00800000
01028419
000004d4
00800000
01028399
01028419
01028499
000004de
00800000
01028419
01028499
000004e8
00800000
01028399
01028419
000004f2
00800000
01028419
000004fd
00800000
01028399
01028419
01028499
00000507
00800000
01028399
01028419
01028499
00000511
00800000
01028419
01028499
0000051b
00800000
01028399
01028419
01028499
00000525
00800000
01028419
01028499
0000052f
00800000
01028419
01028499
0000053a
00800000
01028419
00000544
00800000
01028419
01028499
0000054e
00800000
01028419
01028499
00000558
00800000
01028419
00000562
00800000
01028419
0000056c
00800000
01028419
01028499
00000577
00800000
01028419
00000581
00800000
01028399
01028419
01028499
0000058b
00800000
01028399
01028419
01028499
00000595
00800000
01028399
01028419
01028499
0000059f
00800000
01028399
01028419
000005a9
00800000
01028399
01028419
000005b4
00800000
01028399
01028419
01028499
000005be
00800000
01028419
01028499
000005c8
00800000
01028419
000005d2
00800000
01028419
000005dc
00800000
01028419
000005e6
00800000
01028419
000005e7
00800000
01028399
01028419
000005f1
00800000
01028419
01028499
000005fb
00800000
01028419
01028499
00000605
00800000
01028419
01028499
0000060f
00800000
01028419
01028499
00000619
00800000
01028419
01028499
00000623
00800000
01028419
01028499
00000624
00800000
01028419
01028499
0000062e
00800000
01028419
00000638
00800000
01028419
01028499
00000642
00800000
01028399
01028419
01028499
0000064c
00800000
01028399
01028419
00000656
00800000
01028419
00000661
00800000
01028419
01028499
0000066b
00800000
01028419
01028499
00000675
00800000
01028419
0000067f
00800000
01028419
00000689
00800000
01028419
01028499
00000693
00800000
01028419
01028499
0000069e
00800000
01028399
01028419
000006a8
00800000
01028419
000006b2
00800000
01028419
000006bc
00800000
01028419
01028499
000006c6
00800000
01028399
01028419
01028499
000006d0
00800000
01028419
01028499
000006db
00800000
01028399
01028419
01028499
000006e5
00800000
01028419
01028499
000006ef
00800000
01028419
01028499
000006f9
00800000
01028399
01028419
01028499
00000703
00800000
01028399
01028419
0000070d
00800000
01028419
00000718
00800000
01028419
00000722
00800000
01028419
0000072c
00800000
01028399
01028419
00000736
00800000
01028419
00000740
00800000
01028419
01028499
0000074a
00800000
01028419
01028499
0000074b
00800000
01028399
01028419
00000755
00800000
01028419
01028499
0000075f
00800000
01028419
00000769
00800000
01028419
00000773
00800000
01028399
01028419
01028499
0000077d
00800000
01028419
00000787
00800000
01028419
00000788
00800000
01028419
00000792
00800000
01028419
01028499
0000079c
00800000
01028419
01028499
000007a6
00800000
01028399
01028419
01028499
000007b0
00800000
01028419
01028499
000007ba
00800000
01028419
01028499
000007c5
00800000
01028419
01028499
000007cf
00800000
01028419
01028499
000007d9
00800000
01028419
000007e3
00800000
01028419
000007ed
00800000
01028399
01028419
000007f7
00800000
01028419
00000802
00800000
01028419
01028499
0000080c
00800000
01028399
01028419
01028499
00000816
00800000
01028399
01028419
00000820
00800000
01028419
01028499
0000082a
00800000
01028419
01028499
00000834
00800000
01028419
0000083f
00800000
01028419
01028499
00000849
00800000
01028419
01028499
00000853
00800000
01028399
01028419
01028499
0000085d
00800000
01028419
00000867
00800000
01028419
00000871
00800000
01028399
01028419
0000087c
00800000
01028399
01028419
00000886
00800000
01028419
01028499
00000890
00800000
01028419
01028499
0000089a
00800000
01028399
01028419
000008a4
00800000
01028399
01028419
000008ae
00800000
01028399
01028419
000008af
00800000
01028419
01028499
000008b9
00800000
01028419
01028499
000008c3
00800000
01028419
000008cd
00800000
01028399
01028419
000008d7
00800000
01028399
01028419
01028499
000008e1
00800000
01028419
01028499
000008eb
00800000
01028419
01028499
000008ec
00800000
01028399
01028419
01028499
000008f6
00800000
01028399
01028419
00000900
00800000
01028399
01028419
0000090a
00800000
01028399
01028419
00000914
00800000
01028419
0000091e
00800000
01028419
00000929
00800000
01028399
01028419
01028499
00000933
00800000
01028419
01028499
0000093d
00800000
01028399
01028419
01028499
00000947
00800000
01028419
00000951
00800000
01028399
01028419
01028499
0000095b
00800000
01028419
00000966
00800000
01028419
01028499
00000970
00800000
01028399
01028419
01028499
0000097a
00800000
01028399
01028419
01028499
00000984
00800000
01028419
01028499
0000098e
00800000
01028419
01028499
00000998
00800000
01028419
000009a3
00800000
01028399
01028419
000009ad
00800000
01028419
01028499
000009b7
00800000
01028419
000009c1
00800000
01028419
01028499
000009cb
00800000
01028399
01028419
01028499
000009d5
00800000
01028419
01028499
000009e0
00800000
01028399
01028419
000009ea
00800000
01028399
01028419
01028499
000009f4
00800000
01028419
01028499
000009fe
00800000
01028419
00000a08
00800000
01028419
01028499
00000a12
00800000
01028419
01028499
00000a13
00800000
01028419
01028499
00000a1d
00800000
01028419
00000a27
00800000
01028419
00000a31
00800000
01028419
01028499
00000a3b
00800000
01028399
01028419
01028499
00000a45
00800000
01028399
01028419
00000a4f
00800000
01028399
01028419
00000a50
00800000
01028419
00000a5a
00800000
01028419
00000a64
00800000
01028399
01028419
01028499
00000a6e
00800000
01028419
01028499
00000a78
00800000
01028419
01028499
00000a82
00800000
01028419
00000a8d
00800000
01028399
01028419
00000a97
00800000
01028419
01028499
00000aa1
00800000
01028399
01028419
01028499
00000aab
00800000
01028419
00000ab5
00800000
01028399
01028419
00000abf
00800000
01028419
00000aca
00800000
01028419
00000ad4
00800000
01028399
01028419
01028499
00000ade
00800000
01028419
01028499
00000ae8
00800000
01028419
01028499
00000af2
00800000
01028419
00000afc
00800000
01028419
01028499
00000b07
00800000
01028399
01028419
00000b11
00800000
01028419
01028499
00000b1b
00800000
01028419
00000b25
00800000
01028419
00000b2f
00800000
01028419
01028499
00000b39
00800000
01028419
00000b44
00800000
01028399
01028419
01028499
00000b4e
00800000
01028399
01028419
00000b58
00800000
01028419
00000b62
00800000
01028399
01028419
01028499
00000b6c
00800000
01028419
00000b76
00800000
01028419
00000b77
00800000
01028419
00000b81
00800000
01028419
00000b8b
00800000
01028419
00000b95
00800000
01028419
00000b9f
00800000
01028399
01028419
00000ba9
00800000
01028419
00000bb3
00800000
01028419
00000bb4
00800000
01028399
01028419
01028499
00000bbe
00800000
01028399
01028419
00000bc8
00800000
01028399
01028419
00000bd2
00800000
01028419
01028499
00000bdc
00800000
01028419
01028499
00000be6
00800000
01028419
00000bf1
00800000
01028399
01028419
01028499
00000bfb
00800000
01028399
01028419
01028499
00000c05
00800000
01028399
01028419
00000c0f
00800000
01028399
01028419
00000c19
00800000
01028419
01028499
00000c23
00800000
01028419
01028499
00000c2e
00800000
01028399
01028419
00000c38
00800000
01028419
01028499
00000c42
00800000
01028419
00000c4c
00800000
01028419
01028499
00000c56
00800000
01028419
01028499
00000c60
00800000
01028399
01028419
01028499
00000c6b
00800000
01028419
01028499
00000c75
00800000
01028419
00000c7f
00800000
01028399
01028419
01028499
00000c89
00800000
01028419
01028499
00000c93
00800000
01028419
01028499
00000c9d
00800000
01028399
01028419
01028499
00000ca8
00800000
01028399
01028419
00000cb2
00800000
01028399
01028419
00000cbc
00800000
01028419
01028499
00000cc6
00800000
01028399
01028419
00000cd0
00800000
01028419
01028499
00000cda
00800000
01028419
00000cdb
00800000
01028419
01028499
00000ce5
00800000
01028399
01028419
00000cef
00800000
01028419
01028499
00000cf9
00800000
01028399
01028419
01028499
00000d03
00800000
01028399
01028419
00000d0d
00800000
01028419
01028499
00000d17
00800000
01028419
01028499
00000d18
00800000
01028399
01028419
01028499
00000d22
00800000
01028419
00000d2c
00800000
01028399
01028419
00000d36
00800000
01028419
01028499
00000d40
00800000
01028419
01028499
00000d4a
00800000
01028419
00000d55
00800000
01028419
00000d5f
00800000
01028399
01028419
00000d69
00800000
01028419
00000d73
00800000
01028419
01028499
00000d7d
00800000
01028399
01028419
01028499
00000d87
00800000
01028419
01028499
00000d92
00800000
01028419
01028499
00000d9c
00800000
01028399
01028419
00000da6
00800000
01028399
01028419
00000db0
00800000
01028419
01028499
00000dba
00800000
01028419
00000dc4
00800000
01028399
01028419
00000dcf
00800000
01028399
01028419
01028499
00000dd9
00800000
01028399
01028419
01028499
00000de3
00800000
01028419
00000ded
00800000
01028419
01028499
00000df7
00800000
01028419
01028499
00000e01
00800000
01028419
01028499
00000e0c
00800000
01028419
00000e16
00800000
01028399
01028419
00000e20
00800000
01028399
01028419
00000e2a
00800000
01028419
00000e34
00800000
01028419
01028499
00000e3e
00800000
01028419
01028499
00000e3f
00800000
01028399
01028419
00000e49
00800000
01028419
00000e53
00800000
01028419
00000e5d
00800000
01028399
01028419
00000e67
00800000
01028419
01028499
00000e71
00800000
01028399
01028419
01028499
00000e7b
00800000
01028399
01028419
01028499
00000e7c
00800000
01028419
00000e86
00800000
01028399
01028419
01028499
00000e90
00800000
01028399
01028419
01028499
00000e9a
00800000
01028399
01028419
01028499
00000ea4
00800000
01028399
01028419
00000eae
00800000
01028419
00000eb8
00800000
01028399
01028419
01028499
00000eb9
00800000
01028419
00000ec3
00800000
01028419
01028499
00000ecd
00800000
01028419
01028499
00000ed7
00800000
01028399
01028419
00000ee1
00800000
01028419
01028499
00000eeb
00800000
01028399
01028419
01028499
00000ef6
00800000
01028399
01028419
00000f00
00800000
01028399
01028419
00000f0a
00800000
01028419
00000f14
00800000
01028399
01028419
00000f1e
00800000
01028399
01028419
00000f28
00800000
01028419
01028499
00000f33
00800000
01028419
01028499
00000f3d
00800000
01028419
01028499
00000f47
00800000
01028419
01028499
00000f51
00800000
01028399
01028419
01028499
00000f5b
00800000
01028399
01028419
01028499
00000f65
00800000
01028419
00000f70
00800000
01028419
00000f7a
00800000
01028419
00000f84
00800000
01028419
01028499
00000f8e
00800000
01028419
01028499
00000f98
00800000
01028399
01028419
00000fa2
00800000
01028399
01028419
00000fa3
00800000
01028419
01028499
00000fad
00800000
01028399
01028419
00000fb7
00800000
01028399
01028419
01028499
00000fc1
00800000
01028419
01028499
00000fcb
00800000
01028399
01028419
01028499
00000fd5
00800000
01028419
01028499
00000fdf
00800000
01028419
01028499
00000fe0
00800000
01028419
00000fea
00800000
01028419
01028499
00000ff4
00800000
01028399
01028419
01028499
00000ffe
00800000
01028419
01028499
00001008
00800000
01028419
00001012
00800000
01028419
0000101c
00800000
01028399
01028419
01028499
0000101d
00800000
01028419
01028499
00001027
00800000
01028419
00001031
00800000
01028419
01028499
0000103b
00800000
01028399
01028419
01028499
00001045
00800000
01028419
0000104f
00800000
01028419
0000105a
00800000
01028419
00001064
00800000
01028419
0000106e
00800000
01028399
01028419
01028499
00001078
00800000
01028419
00001082
00800000
01028419
0000108c
00800000
01028399
01028419
01028499
00001097
00800000
01028419
000010a1
00800000
01028399
01028419
01028499
000010ab
00800000
01028419
000010b5
00800000
01028399
01028419
01028499
000010bf
00800000
01028399
01028419
01028499
000010c9
00800000
01028399
01028419
01028499
000010d4
00800000
01028419
01028499
000010de
00800000
01028419
000010e8
00800000
01028419
000010f2
00800000
01028419
01028499
000010fc
00800000
01028419
01028499
00001106
00800000
01028419
01028499
00001107
00800000
01028419
01028499
00001111
00800000
01028399
01028419
0000111b
00800000
01028419
01028499
00001125
00800000
01028419
0000112f
00800000
01028419
00001139
00800000
01028399
01028419
01028499
00001143
00800000
01028399
01028419
01028499
00001144
00800000
01028399
01028419
01028499
0000114e
00800000
01028399
01028419
01028499
00001158
00800000
01028419
01028499
00001162
00800000
01028399
01028419
0000116c
00800000
01028399
01028419
01028499
00001176
00800000
01028419
00001180
00800000
01028399
01028419
00001181
00800000
01028419
0000118b
00800000
01028419
00001195
00800000
01028399
01028419
0000119f
00800000
01028419
01028499
000011a9
00800000
01028419
01028499
000011b3
00800000
01028419
000011be
00800000
01028419
01028499
000011c8
00800000
01028419
000011d2
00800000
01028419
01028499
000011dc
00800000
01028399
01028419
01028499
000011e6
00800000
01028419
01028499
000011f0
00800000
01028399
01028419
01028499
000011fb
00800000
01028399
01028419
00001205
00800000
01028419
0000120f
00800000
01028419
01028499
00001219
00800000
01028399
01028419
00001223
00800000
01028419
01028499
0000122d
00800000
01028419
01028499
00001238
00800000
01028399
01028419
00001242
00800000
01028399
01028419
01028499
0000124c
00800000
01028419
00001256
00800000
01028419
01028499
00001260
00800000
01028419
01028499
0000126a
00800000
01028419
01028499
0000126b
00800000
01028419
01028499
00001275
00800000
01028419
0000127f
00800000
01028419
01028499
00001289
00800000
01028399
01028419
00001293
00800000
01028399
01028419
01028499
0000129d
00800000
01028399
01028419
01028499
000012a7
00800000
01028399
01028419
01028499
000012a8
00800000
01028419
01028499
000012b2
00800000
01028419
01028499
000012bc
00800000
01028399
01028419
01028499
000012c6
00800000
01028419
000012d0
00800000
01028399
01028419
000012da
00800000
01028419
000012e4
00800000
01028419
000012e5
00800000
01028399
01028419
01028499
000012ef
00800000
01028399
01028419
000012f9
00800000
01028419
00001303
00800000
01028399
01028419
01028499
0000130d
00800000
01028419
01028499
00001317
00800000
01028419
01028499
00001322
00800000
01028419
01028499
0000132c
00800000
01028399
01028419
01028499
00001336
00800000
01028419
01028499
00001340
00800000
01028419
0000134a
00800000
01028419
00001354
00800000
01028399
01028419
01028499
0000135f
00800000
01028419
01028499
00001369
00800000
01028419
01028499
00001373
00800000
01028419
0000137d
00800000
01028399
01028419
01028499
00001387
00800000
01028399
01028419
00001391
00800000
01028419
0000139c
00800000
01028399
01028419
000013a6
00800000
01028399
01028419
01028499
000013b0
00800000
01028419
000013ba
00800000
01028419
01028499
000013c4
00800000
01028419
01028499
000013ce
00800000
01028419
000013d9
00800000
01028419
01028499
000013e3
00800000
01028419
01028499
000013ed
00800000
01028419
01028499
000013f7
00800000
01028419
00001401
00800000
01028399
01028419
01028499
0000140b
00800000
01028399
01028419
01028499
0000140c
00800000
01028399
01028419
00001416
00800000
01028419
00001420
00800000
01028419
01028499
0000142a
00800000
01028419
01028499
00001434
00800000
01028399
01028419
01028499
0000143e
00800000
01028419
00001448
00800000
01028419
01028499
00001449
00800000
01028419
01028499
00001453
00800000
01028399
01028419
01028499
0000145d
00800000
01028419
01028499
00001467
00800000
01028399
01028419
01028499
00001471
00800000
01028419
01028499
0000147b
00800000
01028419
01028499
00001486
00800000
01028399
01028419
00001490
00800000
01028419
01028499
0000149a
00800000
01028419
000014a4
00800000
01028419
000014ae
00800000
01028419
000014b8
00800000
01028419
01028499
000014c3
00800000
01028419
01028499
000014cd
00800000
01028419
000014d7
00800000
01028399
01028419
000014e1
00800000
01028419
01028499
000014eb
00800000
01028419
01028499
000014f5
00800000
01028399
01028419
01028499
00001500
00800000
01028419
01028499
0000150a
00800000
01028399
01028419
01028499
00001514
00800000
01028419
0000151e
00800000
01028399
01028419
00001528
00800000
01028419
01028499
00001532
00800000
01028419
0000153d
00800000
01028419
01028499
00001547
00800000
01028419
00001551
00800000
01028419
01028499
0000155b
00800000
01028399
01028419
00001565
00800000
01028419
0000156f
00800000
01028419
00001570
00800000
01028399
01028419
0000157a
00800000
01028399
01028419
00001584
00800000
01028419
0000158e
00800000
01028399
01028419
01028499
00001598
00800000
01028399
01028419
01028499
000015a2
00800000
01028419
000015ac
00800000
01028399
01028419
01028499
000015ad
00800000
01028399
01028419
000015b7
00800000
01028419
000015c1
00800000
01028419
000015cb
00800000
01028399
01028419
01028499
000015d5
00800000
01028419
01028499
000015df
00800000
01028419
000015ea
00800000
01028419
01028499
000015f4
00800000
01028399
01028419
01028499
000015fe
00800000
01028399
01028419
01028499
00001608
00800000
01028419
00001612
00800000
01028419
01028499
0000161c
00800000
01028399
01028419
01028499
00001627
00800000
01028419
00001631
00800000
01028399
01028419
01028499
0000163b
00800000
01028419
01028499
00001645
00800000
01028399
01028419
0000164f
00800000
01028419
00001659
00800000
01028419
00001664
00800000
01028419
0000166e
00800000
01028419
00001678
00800000
01028419
01028499
00001682
00800000
01028419
0000168c
00800000
01028399
01028419
01028499
00001696
00800000
01028419
00001697
00800000
01028399
01028419
000016a1
00800000
01028419
000016ab
00800000
01028419
01028499
000016b5
00800000
01028419
01028499
000016bf
00800000
01028419
000016c9
00800000
01028419
000016d3
00800000
01028419
000016d4
00800000
01028399
01028419
000016de
00800000
01028419
01028499
000016e8
00800000
01028399
01028419
000016f2
00800000
01028419
01028499
000016fc
00800000
01028419
00001706
00800000
01028419
00001710
00800000
01028399
01028419
00001711
00800000
01028419
01028499
0000171b
00800000
01028399
01028419
01028499
00001725
00800000
01028419
01028499
0000172f
00800000
01028399
01028419
01028499
00001739
00800000
01028419
01028499
00001743
00800000
01028419
01028499
0000174e
00800000
01028419
01028499
00001758
00800000
01028419
01028499
00001762
00800000
01028399
01028419
0000176c
00800000
01028419
00001776
00800000
01028399
01028419
01028499
00001780
00800000
01028419
01028499
0000178b
00800000
01028419
01028499
00001795
00800000
01028419
01028499
0000179f
00800000
01028419
01028499
000017a9
00800000
01028399
01028419
01028499
000017b3
00800000
01028399
01028419
01028499
000017bd
00800000
01028419
000017c8
00800000
01028399
01028419
000017d2
00800000
01028419
000017dc
00800000
01028419
01028499
000017e6
00800000
01028399
01028419
000017f0
00800000
01028399
01028419
000017fa
00800000
01028419
01028499
00001805
00800000
01028399
01028419
01028499
0000180f
00800000
01028419
00001819
00800000
01028419
01028499
00001823
00800000
01028419
01028499
0000182d
00800000
01028399
01028419
00001837
00800000
01028399
01028419
00001838
00800000
01028399
01028419
01028499
00001842
00800000
01028399
01028419
0000184c
00800000
01028419
01028499
00001856
00800000
01028419
00001860
00800000
01028399
01028419
01028499
0000186a
00800000
01028399
01028419
00001874
00800000
01028399
01028419
00001875
00800000
01028419
01028499
0000187f
00800000
01028419
01028499
00001889
00800000
01028419
01028499
00001893
00800000
01028419
0000189d
00800000
01028419
000018a7
00800000
01028399
01028419
000018b2
00800000
01028419
01028499
000018bc
00800000
01028399
01028419
01028499
000018c6
00800000
01028419
000018d0
00800000
01028419
000018da
00800000
01028419
000018e4
00800000
01028419
000018ef
00800000
01028419
000018f9
00800000
01028419
01028499
00001903
00800000
01028419
01028499
0000190d
00800000
01028399
01028419
01028499
00001917
00800000
01028419
01028499
00001921
00800000
01028419
01028499
0000192c
00800000
01028419
00001936
00800000
01028419
00001940
00800000
01028419
01028499
0000194a
00800000
01028419
01028499
00001954
00800000
01028419
0000195e
00800000
01028419
00001969
00800000
01028419
01028499
00001973
00800000
01028399
01028419
0000197d
00800000
01028419
01028499
00001987
00800000
01028419
00001991
00800000
01028399
01028419
01028499
0000199b
00800000
01028399
01028419
01028499
0000199c
00800000
01028419
01028499
000019a6
00800000
01028419
01028499
000019b0
00800000
01028419
000019ba
00800000
01028399
01028419
000019c4
00800000
01028399
01028419
01028499
000019ce
00800000
01028419
000019d8
00800000
01028399
01028419
000019d9
00800000
01028399
01028419
01028499
000019e3
00800000
01028399
01028419
01028499
000019ed
00800000
01028419
01028499
000019f7
00800000
01028419
00001a01
00800000
01028419
00001a0b
00800000
01028419
00001a16
00800000
01028419
00001a20
00800000
01028419
00001a2a
00800000
01028399
01028419
01028499
00001a34
00800000
01028419
01028499
00001a3e
00800000
01028399
01028419
01028499
00001a48
00800000
01028419
01028499
00001a53
00800000
01028419
00001a5d
00800000
01028419
00001a67
00800000
01028419
00001a71
00800000
01028419
00001a7b
00800000
01028399
01028419
00001a85
00800000
01028419
01028499
00001a90
00800000
01028419
01028499
00001a9a
00800000
01028399
01028419
00001aa4
00800000
01028419
00001aae
00800000
01028419
01028499
00001ab8
00800000
01028419
01028499
00001ac2
00800000
01028419
01028499
00001acd
00800000
01028399
01028419
00001ad7
00800000
01028419
01028499
00001ae1
00800000
01028419
01028499
00001aeb
00800000
01028419
00001af5
00800000
01028399
01028419
00001aff
00800000
01028399
01028419
00001b00
00800000
01028419
01028499
00001b0a
00800000
01028419
00001b14
00800000
01028399
01028419
00001b1e
00800000
01028419
00001b28
00800000
01028399
01028419
01028499
00001b32
00800000
01028419
01028499
00001b3c
00800000
01028419
01028499
00001b3d
00800000
01028399
01028419
01028499
00001b47
00800000
01028419
01028499
00001b51
00800000
01028399
01028419
00001b5b
00800000
01028419
01028499
00001b65
00800000
01028419
00001b6f
00800000
01028399
01028419
01028499
00001b7a
00800000
01028419
01028499
00001b84
00800000
01028419
01028499
00001b8e
00800000
01028399
01028419
01028499
00001b98
00800000
01028419
01028499
00001ba2
00800000
01028419
00001bac
00800000
01028419
01028499
00001bb7
00800000
01028399
01028419
00001bc1
00800000
01028399
01028419
01028499
00001bcb
00800000
01028399
01028419
01028499
00001bd5
00800000
01028419
01028499
00001bdf
00800000
01028399
01028419
00001be9
00800000
01028419
00001bf4
00800000
01028419
01028499
00001bfe
00800000
01028399
01028419
00001c08
00800000
01028419
01028499
00001c12
00800000
01028419
01028499
00001c1c
00800000
01028419
01028499
00001c26
00800000
01028399
01028419
00001c31
00800000
01028419
00001c3b
00800000
01028419
01028499
00001c45
00800000
01028419
01028499
00001c4f
00800000
01028419
01028499
00001c59
00800000
01028399
01028419
00001c63
00800000
01028399
01028419
00001c64
00800000
01028399
01028419
01028499
00001c6e
00800000
01028399
01028419
01028499
00001c78
00800000
01028399
01028419
00001c82
00800000
01028419
01028499
00001c8c
00800000
01028399
01028419
00001c96
00800000
01028419
01028499
00001ca0
00800000
01028419
01028499
00001ca1
00800000
01028399
01028419
01028499
00001cab
00800000
01028419
00001cb5
00800000
01028419
00001cbf
00800000
01028419
00001cc9
00800000
01028419
01028499
00001cd3
00800000
01028419
01028499
00001cde
00800000
01028399
01028419
00001ce8
00800000
01028419
01028499
00001cf2
00800000
01028419
00001cfc
00800000
01028399
01028419
01028499
00001d06
00800000
01028399
01028419
00001d10
00800000
01028419
00001d1b
00800000
01028419
00001d25
00800000
01028419
01028499
00001d2f
00800000
01028419
00001d39
00800000
01028399
01028419
00001d43
00800000
01028419
00001d4d
00800000
01028419
00001d58
00800000
01028419
01028499
00001d62
00800000
01028419
00001d6c
00800000
01028399
01028419
01028499
00001d76
00800000
01028419
00001d80
00800000
01028419
00001d8a
00800000
01028399
01028419
00001d95
00800000
01028419
00001d9f
00800000
01028419
00001da9
00800000
01028399
01028419
00001db3
00800000
01028419
00001dbd
00800000
01028419
01028499
00001dc7
00800000
01028419
01028499
00001dc8
00800000
01028419
01028499
00001dd2
00800000
01028399
01028419
00001ddc
00800000
01028419
00001de6
00800000
01028419
01028499
00001df0
00800000
01028399
01028419
01028499
00001dfa
00800000
01028399
01028419
01028499
00001e04
00800000
01028399
01028419
01028499
00001e05
00800000
01028419
01028499
00001e0f
00800000
01028419
00001e19
00800000
01028419
01028499
00001e23
00800000
01028399
01028419
00001e2d
00800000
01028399
01028419
00001e37
00800000
01028419
00001e42
00800000
01028399
01028419
01028499
00001e4c
00800000
01028399
01028419
00001e56
00800000
01028399
01028419
01028499
00001e60
00800000
01028419
01028499
00001e6a
00800000
01028399
01028419
01028499
00001e74
00800000
01028419
00001e7f
00800000
01028419
00001e89
00800000
01028399
01028419
00001e93
00800000
01028399
01028419
00001e9d
00800000
01028399
01028419
01028499
00001ea7
00800000
01028419
00001eb1
00800000
01028419
00001ebc
00800000
01028399
01028419
01028499
00001ec6
00800000
01028419
01028499
00001ed0
00800000
01028399
01028419
00001eda
00800000
01028419
01028499
00001ee4
00800000
01028399
01028419
01028499
00001eee
00800000
01028399
01028419
01028499
00001ef9
00800000
01028399
01028419
01028499
00001f03
00800000
01028419
00001f0d
00800000
01028419
00001f17
00800000
01028419
01028499
00001f21
00800000
01028399
01028419
00001f2b
00800000
01028399
01028419
00001f2c
00800000
01028419
00001f36
00800000
01028419
00001f40
00800000
01028399
01028419
01028499
00001f4a
00800000
01028399
01028419
00001f54
00800000
01028419
01028499
00001f5e
00800000
01028399
01028419
01028499
00001f68
00800000
01028399
01028419
01028499
00001f69
00800000
01028419
01028499
00001f73
00800000
01028419
00001f7d
00800000
01028399
01028419
00001f87
00800000
01028419
00001f91
00800000
01028419
01028499
00001f9b
00800000
01028399
01028419
00001fa6
00800000
01028419
00001fb0
00800000
01028419
01028499
00001fba
00800000
01028419
00001fc4
00800000
01028419
01028499
00001fce
00800000
01028419
00001fd8
00800000
01028419
01028499
00001fe3
00800000
01028419
01028499
00001fed
00800000
01028419
01028499
00001ff7
00800000
01028419
01028499
00002001
00800000
01028399
01028419
01028499
0000200b
00800000
01028419
01028499
00002015
00800000
01028419
01028499
00002020
00800000
01028419
0000202a
00800000
01028399
01028419
01028499
00002034
00800000
01028419
0000203e
00800000
01028419
00002048
00800000
01028399
01028419
00002052
00800000
01028399
01028419
01028499
0000205d
00800000
01028419
01028499
00002067
00800000
01028419
01028499
00002071
00800000
01028419
01028499
0000207b
00800000
01028419
01028499
00002085
00800000
01028399
01028419
0000208f
00800000
01028399
01028419
00002090
00800000
01028419
01028499
0000209a
00800000
01028399
01028419
01028499
000020a4
00800000
01028419
01028499
000020ae
00800000
01028419
000020b8
00800000
01028419
000020c2
00800000
01028419
000020cc
00800000
01028419
000020cd
00800000
01028399
01028419
000020d7
00800000
01028399
01028419
000020e1
00800000
01028419
01028499
000020eb
00800000
01028419
000020f5
00800000
01028419
01028499
000020ff
00800000
01028419
0000210a
00800000
01028419
00002114
00800000
01028399
01028419
01028499
0000211e
00800000
01028419
00002128
00800000
01028419
00002132
00800000
01028419
01028499
0000213c
00800000
01028419
00002147
00800000
01028419
01028499
00002151
00800000
01028419
01028499
0000215b
00800000
01028399
01028419
01028499
00002165
00800000
01028419
01028499
0000216f
00800000
01028419
01028499
00002179
00800000
01028399
01028419
00002184
00800000
01028419
01028499
0000218e
00800000
01028419
00002198
00800000
01028399
01028419
01028499
000021a2
00800000
01028419
01028499
000021ac
00800000
01028399
01028419
01028499
000021b6
00800000
01028419
000021c1
00800000
01028399
01028419
01028499
000021cb
00800000
01028399
01028419
000021d5
00800000
01028399
01028414
01028419
000021df
00800000
01028419
01028499
000021e9
00800000
01028419
01028499
000021f3
00800000
01028419
01028499
000021f4
00800000
01028419
000021fe
00800000
01028399
01028419
00002208
00800000
01028399
01028419
01028499
00002212
00800000
01028419
01028499
0000221c
00800000
01028399
01028419
01028499
00002226
00800000
01028399
01028419
00002230
00800000
01028399
01028419
00002231
00800000
01028399
01028419
01028499
0000223b
00800000
01028399
01028419
01028499
00002245
00800000
01028399
01028419
01028499
0000224f
00800000
01028419
01028499
00002259
00800000
01028399
01028419
00002263
00800000
01028419
01028499
0000226e
00800000
01028419
00002278
00800000
01028399
01028419
01028499
00002282
00800000
01028419
0000228c
00800000
01028419
00002296
00800000
01028419
01028499
000022a0
00800000
01028399
01028419
01028499
000022ab
00800000
01028419
01028499
000022b5
00800000
01028419
000022bf
00800000
01028419
01028499
000022c9
00800000
01028419
000022d3
00800000
01028419
01028499
000022dd
00800000
01028419
01028499
000022e8
00800000
01028419
000022f2
00800000
01028399
01028419
01028499
000022fc
00800000
01028419
01028499
00002306
00800000
01028419
01028499
00002310
00800000
01028399
01028419
01028499
0000231a
00800000
01028419
00002325
00800000
01028419
0000232f
00800000
01028419
01028499
00002339
00800000
01028399
01028419
00002343
00800000
01028399
01028419
0000234d
00800000
01028399
01028419
01028499
00002357
00800000
01028399
01028419
01028499
00002358
00800000
01028399
01028419
00002362
00800000
01028419
0000236c
00800000
01028419
01028499
00002376
00800000
01028419
01028499
00002380
00800000
01028419
01028499
0000238a
00800000
01028419
01028499
00002394
00800000
01028419
01028499
00002395
00800000
01028399
01028419
01028499
0000239f
00800000
01028419
000023a9
00800000
01028399
01028419
000023b3
00800000
01028399
01028419
000023bd
00800000
01028419
000023c7
00800000
01028399
01028419
01028499
000023d2
00800000
01028419
01028499
000023dc
00800000
01028419
000023e6
00800000
01028419
000023f0
00800000
01028419
000023fa
00800000
01028399
01028419
01028499
00002404
00800000
01028419
0000240f
00800000
01028399
01028419
01028499
00002419
00800000
01028419
01028499
00002423
00800000
01028419
0000242d
00800000
01028419
01028499
00002437
00800000
01028399
01028419
01028499
00002441
00800000
01028419
0000244c
00800000
01028399
01028419
01028499
00002456
00800000
01028419
01028499
00002460
00800000
01028419
01028499
0000246a
00800000
01028399
01028419
01028499
00002474
00800000
01028419
0000247e
00800000
01028399
01028419
01028499
00002489
00800000
01028399
01028419
00002493
00800000
01028419
0000249d
00800000
01028399
01028419
000024a7
00800000
01028419
01028499
000024b1
00800000
01028419
01028499
000024bb
00800000
01028419
000024bc
00800000
01028419
01028499
000024c6
00800000
01028419
000024d0
00800000
01028419
000024da
00800000
01028419
01028499
000024e4
00800000
01028399
01028419
000024ee
00800000
01028419
01028499
000024f8
00800000
01028419
01028499
000024f9
00800000
01028419
01028499
00002503
00800000
01028419
01028499
0000250d
00800000
01028399
01028419
00002517
00800000
01028399
01028419
00002521
00800000
01028419
01028499
0000252b
00800000
01028419
00002535
00800000
01028419
00002536
00800000
01028399
01028419
01028499
00002540
00800000
01028399
01028419
0000254a
00800000
01028399
01028419
01028499
00002554
00800000
01028419
01028499
0000255e
00800000
01028399
01028419
01028499
00002568
00800000
01028419
00002573
00800000
01028399
01028419
0000257d
00800000
01028419
01028499
00002587
00800000
01028399
01028419
01028499
00002591
00800000
01028399
01028419
0000259b
00800000
01028419
01028499
000025a5
00800000
01028419
000025b0
00800000
01028399
01028419
01028499
000025ba
00800000
01028399
01028419
000025c4
00800000
01028419
000025ce
00800000
01028419
000025d8
00800000
01028419
01028499
000025e2
00800000
01028399
01028419
01028499
000025ed
00800000
01028419
000025f7
00800000
01028399
01028419
01028499
00002601
00800000
01028399
01028419
0000260b
00800000
01028399
01028419
01028499
00002615
00800000
01028419
01028499
0000261f
00800000
01028419
01028499
00002620
00800000
01028419
01028499
0000262a
00800000
01028419
01028499
00002634
00800000
01028419
01028499
0000263e
00800000
01028419
00002648
00800000
01028399
01028419
01028499
00002652
00800000
01028419
0000265c
00800000
01028419
0000265d
00800000
01028419
00002667
00800000
01028399
01028419
01028499
00002671
00800000
01028399
01028419
0000267b
00800000
01028399
01028419
00002685
00800000
01028419
0000268f
00800000
01028419
00002699
00800000
01028399
01028419
0000269a
00800000
01028419
000026a4
00800000
01028419
000026ae
00800000
01028399
01028419
01028499
000026b8
00800000
01028399
01028419
01028499
000026c2
00800000
01028419
000026cc
00800000
01028399
01028419
000026d7
00800000
01028419
01028499
000026e1
00800000
01028399
01028419
01028499
000026eb
00800000
01028419
01028499
000026f5
00800000
01028419
01028499
000026ff
00800000
01028419
