01028319
00000000
00800000
01028319
000000ab
00800000
01028319
0000014d
00800000
01028319
00000293
00800000
01028319
00000420
00800000
01028319
0000056f
00800000
01028319
000009c4
00800000
01028319
00000a01
00800000
01028319
00000a85
00800000
01028319
00000c78
00800000
01028319
00000d10
00800000
01028319
00000e6a
00800000
01028319
00000f54
00800000
01028319
000011a2
00800000
01028319
000012c9
00800000
01028319
000018b4
00800000
01028319
00001976
00800000
01028319
00001a6a
00800000
01028319
00001a74
00800000
01028319
00001ea0
00800000
01028319
00001ef1
00800000
01028319
00001f38
00800000
01028319
00001f39
00800000
01028319
00002055
00800000
01028319
000020e4
00800000
01028319
00002121
00800000
01028319
0000244e
00800000
01028319
