01028319
00000000
00800000
01028319
00000078
00800000
01028319
000000b5
00800000
01028319
00000111
00800000
01028319
00000181
00800000
01028319
0000020f
00800000
01028319
0000022e
00800000
01028319
000002c6
00800000
01028319
0000030d
00800000
01028319
0000030e
00800000
01028319
00000318
00800000
01028319
0000034a
00800000
01028319
0000034b
00800000
01028319
000003ed
00800000
01028319
0000042a
00800000
01028319
0000043f
00800000
01028319
00000449
00800000
01028319
0000049a
00800000
01028319
000004d7
00800000
01028319
000004ec
00800000
01028319
000004f6
00800000
01028319
00000500
00800000
01028319
00000529
00800000
01028319
0000058e
00800000
01028319
000005a3
00800000
01028319
000005b7
00800000
01028319
000005fe
00800000
01028319
00000627
00800000
01028319
000006f2
00800000
01028319
0000079f
00800000
01028319
000007be
00800000
01028319
000007c8
00800000
01028319
00000889
00800000
01028319
000008a8
00800000
01028319
000008d0
00800000
01028319
000008da
00800000
01028319
000008db
00800000
01028319
000008f9
00800000
01028319
00000903
00800000
01028319
0000095f
00800000
01028319
0000099c
00800000
01028319
000009a6
00800000
01028319
000009cf
00800000
01028319
00000a01
00800000
01028319
00000a16
00800000
01028319
00000a2a
00800000
01028319
00000a34
00800000
01028319
00000a3e
00800000
01028319
00000a3f
00800000
01028319
00000a67
00800000
01028319
00000a9a
00800000
01028319
00000ab9
00800000
01028319
00000b00
00800000
01028319
00000b0a
00800000
01028319
00000b84
00800000
01028319
00000b98
00800000
01028319
00000bb7
00800000
01028319
00000be0
00800000
01028319
00000c1d
00800000
01028319
00000c31
00800000
01028319
00000c5a
00800000
01028319
00000c8c
00800000
01028319
00000cbf
00800000
01028319
00000ddc
00800000
01028319
00000de6
00800000
01028319
00000e2d
00800000
01028319
00000e56
00800000
01028319
00000e60
00800000
01028319
00000eb2
00800000
01028319
00000ec6
00800000
01028319
00000eda
00800000
01028319
00000ef9
00800000
01028319
00000f54
00800000
01028319
00000f69
00800000
01028319
00000fb0
00800000
01028319
00000fed
00800000
01028319
00000ff7
00800000
01028319
00001016
00800000
01028319
0000102a
00800000
01028319
00001053
00800000
01028319
00001071
00800000
01028319
000010eb
00800000
01028319
00001128
00800000
01028319
000011d5
00800000
01028319
00001245
00800000
01028319
0000126e
00800000
01028319
00001296
00800000
01028319
00001297
00800000
01028319
000012a1
00800000
01028319
00001311
00800000
01028319
00001339
00800000
01028319
000013a9
00800000
01028319
000013bd
00800000
01028319
000013f0
00800000
01028319
0000140f
00800000
01028319
00001419
00800000
01028319
00001423
00800000
01028319
00001438
00800000
01028319
00001456
00800000
01028319
00001493
00800000
01028319
000014bc
00800000
01028319
00001503
00800000
01028319
0000150d
00800000
01028319
00001521
00800000
01028319
0000154a
00800000
01028319
000015b0
00800000
01028319
000015d9
00800000
01028319
00001616
00800000
01028319
00001634
00800000
01028319
00001685
00800000
01028319
000016ae
00800000
01028319
000016b8
00800000
01028319
000016d7
00800000
01028319
000016f5
00800000
01028319
000017df
00800000
01028319
000017e9
00800000
01028319
00001831
00800000
01028319
00001882
00800000
01028319
00001896
00800000
01028319
000018bf
00800000
01028319
000018c9
00800000
01028319
000018e8
00800000
01028319
000018fc
00800000
01028319
0000192f
00800000
01028319
0000196c
00800000
01028319
000019b3
00800000
01028319
000019bd
00800000
01028319
000019e6
00800000
01028319
00001a23
00800000
01028319
00001a89
00800000
01028319
00001abc
00800000
01028319
00001ada
00800000
01028319
00001af9
00800000
01028319
00001b0d
00800000
01028319
00001b7d
00800000
01028319
00001c0b
00800000
01028319
00001c20
00800000
01028319
00001c34
00800000
01028319
00001c3e
00800000
01028319
00001c7b
00800000
01028319
00001c85
00800000
01028319
00001cd7
00800000
01028319
00001cf5
00800000
01028319
00001d47
00800000
01028319
00001da2
00800000
01028319
00001dcb
00800000
01028319
00001dd5
00800000
01028319
00001dfe
00800000
01028319
00001e3b
00800000
01028319
00001f06
00800000
01028319
00001f1a
00800000
01028319
00001f43
00800000
01028319
00001f6c
00800000
01028319
00001f76
00800000
01028319
00001f9f
00800000
01028319
00001fdc
00800000
01028319
00001ff0
00800000
01028319
0000202d
00800000
01028319
00002041
00800000
01028319
00002074
00800000
01028319
0000207e
00800000
01028319
0000210d
00800000
01028319
0000214a
00800000
01028319
00002168
00800000
01028319
0000219b
00800000
01028319
000021c4
00800000
01028319
0000220b
00800000
01028319
00002267
00800000
01028319
000022c2
00800000
01028319
000022e1
00800000
01028319
000022eb
00800000
01028319
000022ff
00800000
01028319
00002328
00800000
01028319
0000238e
00800000
01028319
000023a2
00800000
01028319
000023c1
00800000
01028319
00002463
00800000
01028319
00002482
00800000
01028319
000024a0
00800000
01028319
000024e7
00800000
01028319
000024e8
00800000
01028319
000024fc
00800000
01028319
00002539
00800000
01028319
00002562
00800000
01028319
0000256c
00800000
01028319
0000258a
00800000
01028319
000025a9
00800000
01028319
000025b3
00800000
01028319
000025dc
00800000
01028319
0000260e
00800000
01028319
00002619
00800000
01028319
0000267e
00800000
01028319
000026a7
00800000
01028319
